-5e-05     0
5e-05     850
0.00015     536
0.00025     516
0.00035     498
0.00045     531
0.00055     503
0.00065     516
0.00075     538
0.00085     534
0.00095     525
0.00105     506
0.00115     533
0.00125     508
0.00135     506
0.00145     504
0.00155     518
0.00165     533
0.00175     510
0.00185     499
0.00195     502
0.00205     507
0.00215     511
0.00225     524
0.00235     512
0.00245     519
0.00255     511
0.00265     502
0.00275     515
0.00285     504
0.00295     508
0.00305     484
0.00315     487
0.00325     480
0.00335     504
0.00345     509
0.00355     435
0.00365     524
0.00375     543
0.00385     471
0.00395     528
0.00405     519
0.00415     530
0.00425     535
0.00435     462
0.00445     524
0.00455     516
0.00465     480
0.00475     489
0.00485     505
0.00495     488
0.00505     532
0.00515     500
0.00525     473
0.00535     532
0.00545     505
0.00555     466
0.00565     488
0.00575     533
0.00585     488
0.00595     506
0.00605     475
0.00615     507
0.00625     517
0.00635     505
0.00645     498
0.00655     499
0.00665     497
0.00675     558
0.00685     518
0.00695     494
0.00705     477
0.00715     495
0.00725     492
0.00735     462
0.00745     486
0.00755     481
0.00765     498
0.00775     494
0.00785     474
0.00795     510
0.00805     510
0.00815     504
0.00825     516
0.00835     512
0.00845     430
0.00855     508
0.00865     441
0.00875     486
0.00885     511
0.00895     480
0.00905     475
0.00915     522
0.00925     483
0.00935     449
0.00945     463
0.00955     495
0.00965     479
0.00975     499
0.00985     439
0.00995     494
0.01005     466
0.01015     481
0.01025     522
0.01035     494
0.01045     450
0.01055     468
0.01065     507
0.01075     474
0.01085     478
0.01095     484
0.01105     499
0.01115     490
0.01125     422
0.01135     467
0.01145     484
0.01155     479
0.01165     472
0.01175     507
0.01185     478
0.01195     439
0.01205     482
0.01215     478
0.01225     484
0.01235     479
0.01245     488
0.01255     435
0.01265     494
0.01275     489
0.01285     427
0.01295     467
0.01305     439
0.01315     439
0.01325     473
0.01335     449
0.01345     518
0.01355     467
0.01365     501
0.01375     499
0.01385     452
0.01395     473
0.01405     483
0.01415     511
0.01425     451
0.01435     480
0.01445     487
0.01455     448
0.01465     509
0.01475     480
0.01485     475
0.01495     417
0.01505     475
0.01515     491
0.01525     464
0.01535     482
0.01545     453
0.01555     456
0.01565     450
0.01575     494
0.01585     431
0.01595     484
0.01605     477
0.01615     433
0.01625     456
0.01635     460
0.01645     460
0.01655     500
0.01665     494
0.01675     466
0.01685     465
0.01695     491
0.01705     460
0.01715     471
0.01725     467
0.01735     478
0.01745     473
0.01755     459
0.01765     442
0.01775     453
0.01785     462
0.01795     459
0.01805     463
0.01815     479
0.01825     462
0.01835     481
0.01845     512
0.01855     434
0.01865     478
0.01875     436
0.01885     480
0.01895     450
0.01905     463
0.01915     465
0.01925     444
0.01935     438
0.01945     446
0.01955     462
0.01965     460
0.01975     468
0.01985     468
0.01995     489
0.02005     461
0.02015     477
0.02025     423
0.02035     456
0.02045     456
0.02055     507
0.02065     457
0.02075     447
0.02085     454
0.02095     463
0.02105     416
0.02115     462
0.02125     450
0.02135     460
0.02145     473
0.02155     467
0.02165     462
0.02175     453
0.02185     448
0.02195     449
0.02205     458
0.02215     474
0.02225     470
0.02235     465
0.02245     458
0.02255     426
0.02265     450
0.02275     448
0.02285     419
0.02295     446
0.02305     450
0.02315     482
0.02325     483
0.02335     457
0.02345     476
0.02355     448
0.02365     446
0.02375     475
0.02385     438
0.02395     444
0.02405     451
0.02415     438
0.02425     431
0.02435     454
0.02445     436
0.02455     453
0.02465     444
0.02475     424
0.02485     455
0.02495     407
0.02505     461
0.02515     434
0.02525     447
0.02535     468
0.02545     438
0.02555     460
0.02565     448
0.02575     427
0.02585     442
0.02595     475
0.02605     480
0.02615     451
0.02625     440
0.02635     439
0.02645     442
0.02655     473
0.02665     465
0.02675     427
0.02685     415
0.02695     438
0.02705     434
0.02715     467
0.02725     442
0.02735     446
0.02745     432
0.02755     454
0.02765     431
0.02775     476
0.02785     420
0.02795     438
0.02805     467
0.02815     458
0.02825     415
0.02835     434
0.02845     416
0.02855     432
0.02865     436
0.02875     424
0.02885     432
0.02895     448
0.02905     424
0.02915     414
0.02925     482
0.02935     444
0.02945     487
0.02955     449
0.02965     470
0.02975     436
0.02985     422
0.02995     434
0.03005     426
0.03015     430
0.03025     454
0.03035     454
0.03045     467
0.03055     432
0.03065     408
0.03075     480
0.03085     432
0.03095     484
0.03105     439
0.03115     416
0.03125     467
0.03135     445
0.03145     450
0.03155     438
0.03165     437
0.03175     450
0.03185     453
0.03195     451
0.03205     459
0.03215     439
0.03225     441
0.03235     405
0.03245     446
0.03255     434
0.03265     448
0.03275     446
0.03285     435
0.03295     450
0.03305     451
0.03315     436
0.03325     467
0.03335     444
0.03345     399
0.03355     428
0.03365     445
0.03375     444
0.03385     439
0.03395     416
0.03405     457
0.03415     450
0.03425     450
0.03435     423
0.03445     471
0.03455     462
0.03465     405
0.03475     391
0.03485     470
0.03495     440
0.03505     433
0.03515     424
0.03525     434
0.03535     439
0.03545     421
0.03555     414
0.03565     442
0.03575     455
0.03585     459
0.03595     425
0.03605     431
0.03615     426
0.03625     436
0.03635     449
0.03645     474
0.03655     421
0.03665     404
0.03675     432
0.03685     407
0.03695     484
0.03705     450
0.03715     432
0.03725     427
0.03735     439
0.03745     436
0.03755     457
0.03765     422
0.03775     452
0.03785     438
0.03795     409
0.03805     401
0.03815     443
0.03825     436
0.03835     428
0.03845     469
0.03855     424
0.03865     412
0.03875     427
0.03885     457
0.03895     424
0.03905     402
0.03915     460
0.03925     488
0.03935     429
0.03945     417
0.03955     428
0.03965     442
0.03975     409
0.03985     435
0.03995     427
0.04005     451
0.04015     389
0.04025     431
0.04035     463
0.04045     427
0.04055     405
0.04065     407
0.04075     418
0.04085     417
0.04095     433
0.04105     444
0.04115     376
0.04125     461
0.04135     453
0.04145     428
0.04155     442
0.04165     386
0.04175     419
0.04185     426
0.04195     424
0.04205     450
0.04215     401
0.04225     418
0.04235     415
0.04245     416
0.04255     445
0.04265     439
0.04275     441
0.04285     469
0.04295     426
0.04305     477
0.04315     390
0.04325     437
0.04335     439
0.04345     419
0.04355     444
0.04365     393
0.04375     388
0.04385     447
0.04395     386
0.04405     422
0.04415     433
0.04425     427
0.04435     426
0.04445     451
0.04455     405
0.04465     444
0.04475     416
0.04485     426
0.04495     427
0.04505     449
0.04515     437
0.04525     410
0.04535     386
0.04545     422
0.04555     401
0.04565     442
0.04575     398
0.04585     406
0.04595     424
0.04605     421
0.04615     423
0.04625     426
0.04635     372
0.04645     403
0.04655     402
0.04665     404
0.04675     439
0.04685     426
0.04695     396
0.04705     433
0.04715     443
0.04725     404
0.04735     431
0.04745     414
0.04755     437
0.04765     406
0.04775     422
0.04785     425
0.04795     408
0.04805     423
0.04815     411
0.04825     418
0.04835     419
0.04845     429
0.04855     427
0.04865     433
0.04875     461
0.04885     421
0.04895     414
0.04905     413
0.04915     389
0.04925     401
0.04935     446
0.04945     415
0.04955     443
0.04965     412
0.04975     413
0.04985     398
0.04995     406
0.05005     409
0.05015     392
0.05025     404
0.05035     433
0.05045     386
0.05055     433
0.05065     424
0.05075     417
0.05085     389
0.05095     414
0.05105     452
0.05115     402
0.05125     412
0.05135     396
0.05145     451
0.05155     396
0.05165     414
0.05175     415
0.05185     392
0.05195     380
0.05205     438
0.05215     415
0.05225     430
0.05235     425
0.05245     426
0.05255     402
0.05265     387
0.05275     426
0.05285     425
0.05295     387
0.05305     388
0.05315     446
0.05325     416
0.05335     386
0.05345     401
0.05355     405
0.05365     410
0.05375     382
0.05385     418
0.05395     427
0.05405     364
0.05415     434
0.05425     400
0.05435     417
0.05445     403
0.05455     418
0.05465     417
0.05475     411
0.05485     408
0.05495     396
0.05505     423
0.05515     424
0.05525     432
0.05535     407
0.05545     399
0.05555     400
0.05565     383
0.05575     428
0.05585     399
0.05595     406
0.05605     410
0.05615     471
0.05625     432
0.05635     419
0.05645     418
0.05655     415
0.05665     403
0.05675     416
0.05685     395
0.05695     429
0.05705     416
0.05715     398
0.05725     410
0.05735     414
0.05745     420
0.05755     383
0.05765     376
0.05775     376
0.05785     391
0.05795     407
0.05805     396
0.05815     391
0.05825     410
0.05835     388
0.05845     426
0.05855     383
0.05865     384
0.05875     413
0.05885     445
0.05895     403
0.05905     408
0.05915     415
0.05925     434
0.05935     402
0.05945     446
0.05955     389
0.05965     408
0.05975     410
0.05985     455
0.05995     360
0.06005     427
0.06015     426
0.06025     424
0.06035     411
0.06045     391
0.06055     407
0.06065     398
0.06075     403
0.06085     377
0.06095     386
0.06105     441
0.06115     397
0.06125     413
0.06135     408
0.06145     405
0.06155     416
0.06165     442
0.06175     404
0.06185     398
0.06195     420
0.06205     429
0.06215     408
0.06225     411
0.06235     439
0.06245     378
0.06255     412
0.06265     406
0.06275     425
0.06285     405
0.06295     428
0.06305     392
0.06315     409
0.06325     418
0.06335     384
0.06345     425
0.06355     408
0.06365     377
0.06375     397
0.06385     447
0.06395     381
0.06405     395
0.06415     403
0.06425     370
0.06435     427
0.06445     417
0.06455     423
0.06465     409
0.06475     367
0.06485     414
0.06495     407
0.06505     353
0.06515     411
0.06525     396
0.06535     389
0.06545     395
0.06555     366
0.06565     446
0.06575     402
0.06585     389
0.06595     402
0.06605     385
0.06615     421
0.06625     414
0.06635     375
0.06645     373
0.06655     385
0.06665     381
0.06675     422
0.06685     390
0.06695     433
0.06705     423
0.06715     430
0.06725     402
0.06735     345
0.06745     402
0.06755     425
0.06765     415
0.06775     424
0.06785     443
0.06795     426
0.06805     410
0.06815     388
0.06825     367
0.06835     394
0.06845     420
0.06855     413
0.06865     411
0.06875     417
0.06885     391
0.06895     377
0.06905     356
0.06915     401
0.06925     380
0.06935     365
0.06945     391
0.06955     408
0.06965     428
0.06975     418
0.06985     429
0.06995     428
0.07005     384
0.07015     451
0.07025     332
0.07035     411
0.07045     384
0.07055     386
0.07065     380
0.07075     350
0.07085     399
0.07095     416
0.07105     398
0.07115     390
0.07125     404
0.07135     400
0.07145     415
0.07155     394
0.07165     382
0.07175     363
0.07185     432
0.07195     378
0.07205     401
0.07215     404
0.07225     396
0.07235     419
0.07245     426
0.07255     380
0.07265     386
0.07275     412
0.07285     400
0.07295     404
0.07305     369
0.07315     397
0.07325     375
0.07335     424
0.07345     415
0.07355     419
0.07365     417
0.07375     392
0.07385     376
0.07395     415
0.07405     371
0.07415     398
0.07425     406
0.07435     411
0.07445     375
0.07455     386
0.07465     342
0.07475     420
0.07485     419
0.07495     402
0.07505     411
0.07515     379
0.07525     394
0.07535     381
0.07545     380
0.07555     397
0.07565     381
0.07575     420
0.07585     367
0.07595     398
0.07605     350
0.07615     399
0.07625     373
0.07635     344
0.07645     453
0.07655     362
0.07665     406
0.07675     381
0.07685     377
0.07695     367
0.07705     379
0.07715     422
0.07725     448
0.07735     367
0.07745     381
0.07755     388
0.07765     396
0.07775     426
0.07785     389
0.07795     341
0.07805     365
0.07815     405
0.07825     356
0.07835     386
0.07845     390
0.07855     368
0.07865     384
0.07875     409
0.07885     414
0.07895     419
0.07905     362
0.07915     408
0.07925     382
0.07935     382
0.07945     360
0.07955     391
0.07965     379
0.07975     390
0.07985     411
0.07995     421
0.08005     348
0.08015     409
0.08025     392
0.08035     383
0.08045     370
0.08055     401
0.08065     377
0.08075     388
0.08085     356
0.08095     377
0.08105     422
0.08115     384
0.08125     363
0.08135     397
0.08145     339
0.08155     399
0.08165     405
0.08175     403
0.08185     353
0.08195     378
0.08205     377
0.08215     386
0.08225     380
0.08235     358
0.08245     365
0.08255     389
0.08265     382
0.08275     400
0.08285     373
0.08295     363
0.08305     406
0.08315     380
0.08325     401
0.08335     427
0.08345     374
0.08355     347
0.08365     366
0.08375     368
0.08385     389
0.08395     358
0.08405     383
0.08415     379
0.08425     336
0.08435     420
0.08445     350
0.08455     365
0.08465     366
0.08475     399
0.08485     375
0.08495     382
0.08505     358
0.08515     416
0.08525     392
0.08535     372
0.08545     379
0.08555     393
0.08565     360
0.08575     376
0.08585     369
0.08595     369
0.08605     376
0.08615     401
0.08625     376
0.08635     375
0.08645     374
0.08655     417
0.08665     364
0.08675     354
0.08685     346
0.08695     366
0.08705     362
0.08715     365
0.08725     397
0.08735     403
0.08745     379
0.08755     399
0.08765     351
0.08775     369
0.08785     342
0.08795     363
0.08805     328
0.08815     323
0.08825     373
0.08835     396
0.08845     401
0.08855     382
0.08865     369
0.08875     362
0.08885     380
0.08895     387
0.08905     415
0.08915     377
0.08925     390
0.08935     379
0.08945     386
0.08955     357
0.08965     414
0.08975     352
0.08985     377
0.08995     371
0.09005     353
0.09015     403
0.09025     399
0.09035     383
0.09045     380
0.09055     378
0.09065     344
0.09075     366
0.09085     379
0.09095     415
0.09105     344
0.09115     371
0.09125     400
0.09135     351
0.09145     364
0.09155     343
0.09165     390
0.09175     347
0.09185     413
0.09195     386
0.09205     396
0.09215     375
0.09225     353
0.09235     371
0.09245     371
0.09255     387
0.09265     355
0.09275     426
0.09285     386
0.09295     422
0.09305     417
0.09315     368
0.09325     376
0.09335     361
0.09345     330
0.09355     349
0.09365     338
0.09375     338
0.09385     361
0.09395     344
0.09405     352
0.09415     351
0.09425     370
0.09435     329
0.09445     329
0.09455     376
0.09465     357
0.09475     379
0.09485     363
0.09495     371
0.09505     367
0.09515     351
0.09525     366
0.09535     422
0.09545     347
0.09555     368
0.09565     366
0.09575     385
0.09585     385
0.09595     341
0.09605     338
0.09615     340
0.09625     362
0.09635     363
0.09645     343
0.09655     346
0.09665     392
0.09675     405
0.09685     352
0.09695     394
0.09705     392
0.09715     420
0.09725     382
0.09735     396
0.09745     363
0.09755     357
0.09765     409
0.09775     379
0.09785     370
0.09795     365
0.09805     376
0.09815     384
0.09825     372
0.09835     368
0.09845     366
0.09855     382
0.09865     348
0.09875     355
0.09885     349
0.09895     365
0.09905     347
0.09915     366
0.09925     317
0.09935     368
0.09945     353
0.09955     350
0.09965     379
0.09975     338
0.09985     349
0.09995     334
0.10005     345
0.10015     359
0.10025     397
0.10035     341
0.10045     370
0.10055     372
0.10065     385
0.10075     372
0.10085     356
0.10095     367
0.10105     367
0.10115     385
0.10125     353
0.10135     339
0.10145     393
0.10155     372
0.10165     337
0.10175     366
0.10185     361
0.10195     373
0.10205     368
0.10215     349
0.10225     364
0.10235     344
0.10245     350
0.10255     344
0.10265     378
0.10275     336
0.10285     320
0.10295     335
0.10305     364
0.10315     383
0.10325     399
0.10335     345
0.10345     325
0.10355     354
0.10365     364
0.10375     369
0.10385     371
0.10395     363
0.10405     321
0.10415     359
0.10425     347
0.10435     358
0.10445     344
0.10455     363
0.10465     355
0.10475     345
0.10485     394
0.10495     358
0.10505     352
0.10515     350
0.10525     388
0.10535     361
0.10545     356
0.10555     374
0.10565     335
0.10575     363
0.10585     352
0.10595     318
0.10605     345
0.10615     348
0.10625     380
0.10635     388
0.10645     384
0.10655     377
0.10665     343
0.10675     349
0.10685     329
0.10695     396
0.10705     370
0.10715     340
0.10725     343
0.10735     333
0.10745     360
0.10755     384
0.10765     372
0.10775     363
0.10785     347
0.10795     362
0.10805     351
0.10815     358
0.10825     350
0.10835     341
0.10845     343
0.10855     355
0.10865     347
0.10875     342
0.10885     362
0.10895     348
0.10905     351
0.10915     367
0.10925     346
0.10935     327
0.10945     370
0.10955     336
0.10965     340
0.10975     328
0.10985     352
0.10995     354
0.11005     363
0.11015     344
0.11025     350
0.11035     431
0.11045     326
0.11055     372
0.11065     332
0.11075     395
0.11085     335
0.11095     373
0.11105     337
0.11115     334
0.11125     357
0.11135     341
0.11145     330
0.11155     320
0.11165     341
0.11175     332
0.11185     361
0.11195     337
0.11205     395
0.11215     367
0.11225     387
0.11235     340
0.11245     345
0.11255     332
0.11265     366
0.11275     339
0.11285     355
0.11295     355
0.11305     304
0.11315     329
0.11325     323
0.11335     369
0.11345     357
0.11355     329
0.11365     344
0.11375     365
0.11385     368
0.11395     321
0.11405     345
0.11415     348
0.11425     347
0.11435     339
0.11445     316
0.11455     361
0.11465     326
0.11475     335
0.11485     347
0.11495     341
0.11505     344
0.11515     375
0.11525     353
0.11535     325
0.11545     330
0.11555     342
0.11565     334
0.11575     353
0.11585     345
0.11595     334
0.11605     335
0.11615     334
0.11625     339
0.11635     352
0.11645     319
0.11655     366
0.11665     360
0.11675     334
0.11685     333
0.11695     327
0.11705     338
0.11715     340
0.11725     318
0.11735     354
0.11745     351
0.11755     357
0.11765     334
0.11775     347
0.11785     333
0.11795     340
0.11805     361
0.11815     300
0.11825     369
0.11835     355
0.11845     340
0.11855     336
0.11865     362
0.11875     346
0.11885     331
0.11895     353
0.11905     376
0.11915     330
0.11925     318
0.11935     359
0.11945     356
0.11955     328
0.11965     346
0.11975     353
0.11985     356
0.11995     340
0.12005     357
0.12015     356
0.12025     330
0.12035     358
0.12045     376
0.12055     344
0.12065     325
0.12075     331
0.12085     358
0.12095     303
0.12105     324
0.12115     336
0.12125     294
0.12135     307
0.12145     365
0.12155     359
0.12165     339
0.12175     312
0.12185     338
0.12195     364
0.12205     322
0.12215     368
0.12225     335
0.12235     363
0.12245     349
0.12255     351
0.12265     382
0.12275     328
0.12285     359
0.12295     321
0.12305     330
0.12315     364
0.12325     330
0.12335     337
0.12345     355
0.12355     333
0.12365     332
0.12375     361
0.12385     330
0.12395     365
0.12405     324
0.12415     343
0.12425     368
0.12435     368
0.12445     355
0.12455     364
0.12465     336
0.12475     345
0.12485     356
0.12495     352
0.12505     310
0.12515     316
0.12525     355
0.12535     346
0.12545     319
0.12555     349
0.12565     356
0.12575     347
0.12585     329
0.12595     348
0.12605     305
0.12615     347
0.12625     322
0.12635     334
0.12645     335
0.12655     325
0.12665     339
0.12675     348
0.12685     329
0.12695     289
0.12705     330
0.12715     353
0.12725     316
0.12735     336
0.12745     335
0.12755     310
0.12765     336
0.12775     315
0.12785     363
0.12795     334
0.12805     352
0.12815     336
0.12825     342
0.12835     337
0.12845     312
0.12855     294
0.12865     304
0.12875     303
0.12885     343
0.12895     285
0.12905     309
0.12915     324
0.12925     348
0.12935     343
0.12945     287
0.12955     337
0.12965     326
0.12975     322
0.12985     349
0.12995     309
0.13005     319
0.13015     328
0.13025     291
0.13035     344
0.13045     321
0.13055     336
0.13065     347
0.13075     318
0.13085     339
0.13095     329
0.13105     329
0.13115     341
0.13125     316
0.13135     289
0.13145     309
0.13155     333
0.13165     371
0.13175     322
0.13185     338
0.13195     350
0.13205     323
0.13215     368
0.13225     336
0.13235     312
0.13245     302
0.13255     329
0.13265     355
0.13275     312
0.13285     316
0.13295     328
0.13305     305
0.13315     348
0.13325     292
0.13335     330
0.13345     346
0.13355     334
0.13365     362
0.13375     336
0.13385     332
0.13395     348
0.13405     356
0.13415     311
0.13425     302
0.13435     331
0.13445     345
0.13455     328
0.13465     314
0.13475     309
0.13485     339
0.13495     334
0.13505     328
0.13515     306
0.13525     329
0.13535     314
0.13545     331
0.13555     302
0.13565     308
0.13575     295
0.13585     318
0.13595     365
0.13605     324
0.13615     280
0.13625     290
0.13635     305
0.13645     329
0.13655     347
0.13665     321
0.13675     324
0.13685     329
0.13695     307
0.13705     361
0.13715     337
0.13725     307
0.13735     322
0.13745     341
0.13755     310
0.13765     328
0.13775     328
0.13785     317
0.13795     308
0.13805     336
0.13815     327
0.13825     320
0.13835     312
0.13845     309
0.13855     310
0.13865     302
0.13875     346
0.13885     332
0.13895     356
0.13905     318
0.13915     278
0.13925     327
0.13935     299
0.13945     319
0.13955     288
0.13965     310
0.13975     302
0.13985     302
0.13995     310
0.14005     311
0.14015     336
0.14025     328
0.14035     311
0.14045     320
0.14055     309
0.14065     306
0.14075     301
0.14085     354
0.14095     309
0.14105     329
0.14115     283
0.14125     285
0.14135     330
0.14145     326
0.14155     328
0.14165     318
0.14175     304
0.14185     329
0.14195     309
0.14205     316
0.14215     316
0.14225     276
0.14235     307
0.14245     313
0.14255     309
0.14265     315
0.14275     301
0.14285     287
0.14295     298
0.14305     290
0.14315     345
0.14325     286
0.14335     309
0.14345     297
0.14355     301
0.14365     330
0.14375     324
0.14385     306
0.14395     313
0.14405     296
0.14415     295
0.14425     308
0.14435     299
0.14445     280
0.14455     325
0.14465     297
0.14475     332
0.14485     305
0.14495     299
0.14505     331
0.14515     308
0.14525     273
0.14535     322
0.14545     326
0.14555     329
0.14565     299
0.14575     327
0.14585     332
0.14595     326
0.14605     330
0.14615     350
0.14625     324
0.14635     315
0.14645     282
0.14655     317
0.14665     321
0.14675     298
0.14685     337
0.14695     305
0.14705     302
0.14715     300
0.14725     286
0.14735     285
0.14745     310
0.14755     293
0.14765     316
0.14775     293
0.14785     332
0.14795     322
0.14805     311
0.14815     337
0.14825     300
0.14835     330
0.14845     282
0.14855     300
0.14865     328
0.14875     306
0.14885     330
0.14895     312
0.14905     304
0.14915     308
0.14925     303
0.14935     341
0.14945     298
0.14955     330
0.14965     297
0.14975     312
0.14985     313
0.14995     302
0.15005     280
0.15015     264
0.15025     304
0.15035     275
0.15045     296
0.15055     294
0.15065     311
0.15075     310
0.15085     329
0.15095     297
0.15105     325
0.15115     296
0.15125     283
0.15135     310
0.15145     302
0.15155     293
0.15165     304
0.15175     305
0.15185     343
0.15195     291
0.15205     293
0.15215     321
0.15225     318
0.15235     281
0.15245     285
0.15255     285
0.15265     290
0.15275     302
0.15285     275
0.15295     280
0.15305     283
0.15315     355
0.15325     311
0.15335     291
0.15345     315
0.15355     283
0.15365     299
0.15375     284
0.15385     318
0.15395     279
0.15405     322
0.15415     294
0.15425     281
0.15435     311
0.15445     349
0.15455     322
0.15465     311
0.15475     290
0.15485     271
0.15495     279
0.15505     300
0.15515     302
0.15525     298
0.15535     291
0.15545     281
0.15555     298
0.15565     294
0.15575     267
0.15585     305
0.15595     294
0.15605     264
0.15615     309
0.15625     287
0.15635     270
0.15645     290
0.15655     282
0.15665     315
0.15675     292
0.15685     304
0.15695     282
0.15705     310
0.15715     299
0.15725     266
0.15735     293
0.15745     296
0.15755     300
0.15765     295
0.15775     288
0.15785     312
0.15795     310
0.15805     278
0.15815     334
0.15825     294
0.15835     287
0.15845     308
0.15855     321
0.15865     314
0.15875     294
0.15885     279
0.15895     309
0.15905     295
0.15915     313
0.15925     282
0.15935     306
0.15945     282
0.15955     298
0.15965     278
0.15975     317
0.15985     292
0.15995     266
0.16005     303
0.16015     293
0.16025     290
0.16035     325
0.16045     310
0.16055     292
0.16065     271
0.16075     272
0.16085     281
0.16095     249
0.16105     285
0.16115     290
0.16125     307
0.16135     300
0.16145     313
0.16155     282
0.16165     289
0.16175     294
0.16185     317
0.16195     288
0.16205     274
0.16215     306
0.16225     288
0.16235     296
0.16245     296
0.16255     293
0.16265     312
0.16275     268
0.16285     288
0.16295     277
0.16305     262
0.16315     273
0.16325     301
0.16335     304
0.16345     291
0.16355     296
0.16365     287
0.16375     307
0.16385     299
0.16395     294
0.16405     325
0.16415     291
0.16425     294
0.16435     301
0.16445     291
0.16455     282
0.16465     286
0.16475     310
0.16485     286
0.16495     282
0.16505     301
0.16515     276
0.16525     283
0.16535     292
0.16545     283
0.16555     302
0.16565     274
0.16575     295
0.16585     297
0.16595     286
0.16605     310
0.16615     316
0.16625     281
0.16635     303
0.16645     278
0.16655     282
0.16665     322
0.16675     271
0.16685     264
0.16695     276
0.16705     265
0.16715     289
0.16725     314
0.16735     315
0.16745     292
0.16755     283
0.16765     291
0.16775     296
0.16785     303
0.16795     256
0.16805     276
0.16815     308
0.16825     297
0.16835     284
0.16845     291
0.16855     295
0.16865     299
0.16875     269
0.16885     290
0.16895     271
0.16905     298
0.16915     269
0.16925     257
0.16935     249
0.16945     249
0.16955     310
0.16965     295
0.16975     278
0.16985     304
0.16995     294
0.17005     269
0.17015     258
0.17025     276
0.17035     270
0.17045     278
0.17055     268
0.17065     294
0.17075     283
0.17085     278
0.17095     267
0.17105     294
0.17115     297
0.17125     268
0.17135     282
0.17145     270
0.17155     302
0.17165     275
0.17175     283
0.17185     270
0.17195     250
0.17205     256
0.17215     269
0.17225     270
0.17235     299
0.17245     257
0.17255     277
0.17265     258
0.17275     273
0.17285     245
0.17295     269
0.17305     279
0.17315     299
0.17325     275
0.17335     296
0.17345     294
0.17355     283
0.17365     292
0.17375     303
0.17385     283
0.17395     291
0.17405     285
0.17415     260
0.17425     251
0.17435     250
0.17445     275
0.17455     296
0.17465     281
0.17475     261
0.17485     281
0.17495     281
0.17505     258
0.17515     286
0.17525     253
0.17535     260
0.17545     273
0.17555     303
0.17565     279
0.17575     252
0.17585     256
0.17595     259
0.17605     252
0.17615     251
0.17625     241
0.17635     265
0.17645     284
0.17655     268
0.17665     262
0.17675     278
0.17685     247
0.17695     264
0.17705     281
0.17715     288
0.17725     256
0.17735     239
0.17745     255
0.17755     266
0.17765     271
0.17775     280
0.17785     252
0.17795     284
0.17805     274
0.17815     260
0.17825     294
0.17835     272
0.17845     279
0.17855     285
0.17865     259
0.17875     233
0.17885     273
0.17895     300
0.17905     270
0.17915     279
0.17925     283
0.17935     275
0.17945     291
0.17955     250
0.17965     305
0.17975     253
0.17985     271
0.17995     265
0.18005     271
0.18015     276
0.18025     275
0.18035     258
0.18045     264
0.18055     278
0.18065     272
0.18075     296
0.18085     249
0.18095     279
0.18105     277
0.18115     277
0.18125     288
0.18135     293
0.18145     268
0.18155     278
0.18165     272
0.18175     265
0.18185     255
0.18195     286
0.18205     296
0.18215     251
0.18225     267
0.18235     266
0.18245     232
0.18255     276
0.18265     270
0.18275     259
0.18285     270
0.18295     276
0.18305     300
0.18315     246
0.18325     238
0.18335     260
0.18345     285
0.18355     263
0.18365     265
0.18375     282
0.18385     282
0.18395     237
0.18405     261
0.18415     249
0.18425     231
0.18435     269
0.18445     237
0.18455     270
0.18465     264
0.18475     261
0.18485     265
0.18495     293
0.18505     286
0.18515     267
0.18525     281
0.18535     253
0.18545     252
0.18555     249
0.18565     245
0.18575     257
0.18585     258
0.18595     253
0.18605     256
0.18615     243
0.18625     262
0.18635     258
0.18645     306
0.18655     279
0.18665     251
0.18675     274
0.18685     242
0.18695     258
0.18705     283
0.18715     271
0.18725     260
0.18735     283
0.18745     237
0.18755     252
0.18765     254
0.18775     285
0.18785     246
0.18795     246
0.18805     248
0.18815     255
0.18825     254
0.18835     263
0.18845     243
0.18855     252
0.18865     261
0.18875     259
0.18885     281
0.18895     229
0.18905     271
0.18915     260
0.18925     277
0.18935     233
0.18945     240
0.18955     234
0.18965     243
0.18975     237
0.18985     304
0.18995     267
0.19005     256
0.19015     272
0.19025     280
0.19035     254
0.19045     262
0.19055     252
0.19065     275
0.19075     268
0.19085     265
0.19095     239
0.19105     252
0.19115     271
0.19125     265
0.19135     232
0.19145     268
0.19155     266
0.19165     274
0.19175     249
0.19185     239
0.19195     242
0.19205     279
0.19215     215
0.19225     235
0.19235     266
0.19245     250
0.19255     266
0.19265     258
0.19275     270
0.19285     254
0.19295     235
0.19305     240
0.19315     265
0.19325     255
0.19335     255
0.19345     258
0.19355     279
0.19365     246
0.19375     258
0.19385     282
0.19395     262
0.19405     260
0.19415     271
0.19425     257
0.19435     237
0.19445     254
0.19455     258
0.19465     264
0.19475     285
0.19485     265
0.19495     267
0.19505     243
0.19515     254
0.19525     258
0.19535     240
0.19545     272
0.19555     254
0.19565     240
0.19575     242
0.19585     232
0.19595     255
0.19605     228
0.19615     270
0.19625     245
0.19635     238
0.19645     251
0.19655     244
0.19665     250
0.19675     250
0.19685     257
0.19695     259
0.19705     236
0.19715     231
0.19725     228
0.19735     230
0.19745     219
0.19755     238
0.19765     251
0.19775     247
0.19785     244
0.19795     238
0.19805     220
0.19815     245
0.19825     247
0.19835     251
0.19845     256
0.19855     235
0.19865     258
0.19875     239
0.19885     239
0.19895     249
0.19905     264
0.19915     258
0.19925     240
0.19935     237
0.19945     230
0.19955     226
0.19965     246
0.19975     246
0.19985     221
0.19995     294
0.20005     225
0.20015     270
0.20025     215
0.20035     236
0.20045     275
0.20055     268
0.20065     248
0.20075     227
0.20085     265
0.20095     221
0.20105     254
0.20115     241
0.20125     264
0.20135     238
0.20145     241
0.20155     219
0.20165     210
0.20175     244
0.20185     230
0.20195     214
0.20205     251
0.20215     265
0.20225     262
0.20235     251
0.20245     252
0.20255     249
0.20265     244
0.20275     265
0.20285     253
0.20295     222
0.20305     218
0.20315     226
0.20325     232
0.20335     215
0.20345     238
0.20355     243
0.20365     241
0.20375     245
0.20385     253
0.20395     203
0.20405     218
0.20415     259
0.20425     254
0.20435     209
0.20445     242
0.20455     251
0.20465     208
0.20475     256
0.20485     242
0.20495     231
0.20505     230
0.20515     257
0.20525     223
0.20535     237
0.20545     265
0.20555     239
0.20565     238
0.20575     246
0.20585     257
0.20595     276
0.20605     250
0.20615     250
0.20625     234
0.20635     253
0.20645     253
0.20655     252
0.20665     226
0.20675     230
0.20685     247
0.20695     247
0.20705     241
0.20715     239
0.20725     253
0.20735     236
0.20745     267
0.20755     250
0.20765     237
0.20775     205
0.20785     225
0.20795     224
0.20805     233
0.20815     237
0.20825     246
0.20835     231
0.20845     222
0.20855     223
0.20865     227
0.20875     214
0.20885     246
0.20895     239
0.20905     214
0.20915     228
0.20925     244
0.20935     225
0.20945     218
0.20955     235
0.20965     216
0.20975     226
0.20985     238
0.20995     253
0.21005     214
0.21015     244
0.21025     222
0.21035     259
0.21045     218
0.21055     226
0.21065     223
0.21075     233
0.21085     226
0.21095     235
0.21105     235
0.21115     218
0.21125     229
0.21135     233
0.21145     240
0.21155     203
0.21165     253
0.21175     239
0.21185     239
0.21195     240
0.21205     241
0.21215     231
0.21225     211
0.21235     215
0.21245     213
0.21255     245
0.21265     205
0.21275     231
0.21285     246
0.21295     211
0.21305     217
0.21315     229
0.21325     257
0.21335     224
0.21345     231
0.21355     232
0.21365     239
0.21375     241
0.21385     216
0.21395     249
0.21405     227
0.21415     224
0.21425     229
0.21435     230
0.21445     236
0.21455     216
0.21465     230
0.21475     232
0.21485     233
0.21495     226
0.21505     237
0.21515     233
0.21525     219
0.21535     217
0.21545     226
0.21555     220
0.21565     230
0.21575     199
0.21585     211
0.21595     254
0.21605     212
0.21615     200
0.21625     217
0.21635     230
0.21645     188
0.21655     226
0.21665     228
0.21675     227
0.21685     231
0.21695     235
0.21705     226
0.21715     206
0.21725     224
0.21735     238
0.21745     226
0.21755     210
0.21765     229
0.21775     231
0.21785     220
0.21795     223
0.21805     231
0.21815     212
0.21825     201
0.21835     225
0.21845     256
0.21855     222
0.21865     217
0.21875     240
0.21885     229
0.21895     244
0.21905     235
0.21915     223
0.21925     229
0.21935     238
0.21945     210
0.21955     192
0.21965     246
0.21975     203
0.21985     201
0.21995     215
0.22005     228
0.22015     248
0.22025     205
0.22035     210
0.22045     225
0.22055     227
0.22065     239
0.22075     248
0.22085     241
0.22095     201
0.22105     223
0.22115     232
0.22125     216
0.22135     199
0.22145     231
0.22155     198
0.22165     211
0.22175     224
0.22185     192
0.22195     212
0.22205     191
0.22215     216
0.22225     225
0.22235     216
0.22245     204
0.22255     239
0.22265     226
0.22275     240
0.22285     197
0.22295     198
0.22305     219
0.22315     225
0.22325     211
0.22335     221
0.22345     250
0.22355     240
0.22365     242
0.22375     207
0.22385     223
0.22395     193
0.22405     223
0.22415     213
0.22425     218
0.22435     205
0.22445     207
0.22455     219
0.22465     219
0.22475     221
0.22485     218
0.22495     218
0.22505     177
0.22515     222
0.22525     175
0.22535     218
0.22545     217
0.22555     220
0.22565     224
0.22575     207
0.22585     202
0.22595     198
0.22605     228
0.22615     206
0.22625     210
0.22635     203
0.22645     210
0.22655     192
0.22665     199
0.22675     203
0.22685     247
0.22695     200
0.22705     207
0.22715     209
0.22725     228
0.22735     208
0.22745     212
0.22755     204
0.22765     199
0.22775     210
0.22785     209
0.22795     187
0.22805     210
0.22815     197
0.22825     221
0.22835     223
0.22845     193
0.22855     218
0.22865     236
0.22875     210
0.22885     217
0.22895     210
0.22905     214
0.22915     184
0.22925     236
0.22935     205
0.22945     186
0.22955     223
0.22965     209
0.22975     193
0.22985     226
0.22995     162
0.23005     211
0.23015     189
0.23025     196
0.23035     185
0.23045     210
0.23055     222
0.23065     188
0.23075     225
0.23085     217
0.23095     218
0.23105     230
0.23115     203
0.23125     202
0.23135     227
0.23145     190
0.23155     195
0.23165     234
0.23175     239
0.23185     210
0.23195     210
0.23205     213
0.23215     222
0.23225     207
0.23235     192
0.23245     213
0.23255     227
0.23265     226
0.23275     198
0.23285     206
0.23295     224
0.23305     197
0.23315     231
0.23325     191
0.23335     186
0.23345     204
0.23355     208
0.23365     212
0.23375     199
0.23385     190
0.23395     202
0.23405     218
0.23415     214
0.23425     202
0.23435     239
0.23445     200
0.23455     193
0.23465     194
0.23475     186
0.23485     184
0.23495     220
0.23505     196
0.23515     205
0.23525     202
0.23535     237
0.23545     208
0.23555     197
0.23565     197
0.23575     204
0.23585     199
0.23595     215
0.23605     228
0.23615     187
0.23625     213
0.23635     189
0.23645     190
0.23655     221
0.23665     222
0.23675     224
0.23685     191
0.23695     164
0.23705     194
0.23715     205
0.23725     194
0.23735     187
0.23745     197
0.23755     202
0.23765     197
0.23775     209
0.23785     197
0.23795     208
0.23805     196
0.23815     192
0.23825     198
0.23835     198
0.23845     228
0.23855     202
0.23865     193
0.23875     183
0.23885     230
0.23895     178
0.23905     186
0.23915     190
0.23925     176
0.23935     195
0.23945     208
0.23955     191
0.23965     200
0.23975     201
0.23985     201
0.23995     192
0.24005     192
0.24015     222
0.24025     217
0.24035     205
0.24045     200
0.24055     190
0.24065     175
0.24075     178
0.24085     193
0.24095     177
0.24105     225
0.24115     183
0.24125     172
0.24135     234
0.24145     195
0.24155     178
0.24165     183
0.24175     184
0.24185     213
0.24195     179
0.24205     186
0.24215     203
0.24225     221
0.24235     188
0.24245     202
0.24255     163
0.24265     201
0.24275     185
0.24285     208
0.24295     192
0.24305     192
0.24315     183
0.24325     191
0.24335     198
0.24345     187
0.24355     192
0.24365     190
0.24375     175
0.24385     183
0.24395     188
0.24405     206
0.24415     176
0.24425     201
0.24435     201
0.24445     198
0.24455     193
0.24465     186
0.24475     193
0.24485     189
0.24495     191
0.24505     209
0.24515     205
0.24525     223
0.24535     216
0.24545     174
0.24555     182
0.24565     168
0.24575     199
0.24585     182
0.24595     181
0.24605     187
0.24615     170
0.24625     190
0.24635     224
0.24645     187
0.24655     188
0.24665     180
0.24675     214
0.24685     189
0.24695     163
0.24705     190
0.24715     206
0.24725     189
0.24735     172
0.24745     179
0.24755     204
0.24765     184
0.24775     167
0.24785     187
0.24795     193
0.24805     197
0.24815     180
0.24825     173
0.24835     160
0.24845     198
0.24855     201
0.24865     192
0.24875     174
0.24885     164
0.24895     209
0.24905     198
0.24915     180
0.24925     178
0.24935     201
0.24945     165
0.24955     179
0.24965     189
0.24975     175
0.24985     183
0.24995     183
0.25005     168
0.25015     213
0.25025     181
0.25035     194
0.25045     189
0.25055     168
0.25065     213
0.25075     177
0.25085     182
0.25095     181
0.25105     169
0.25115     192
0.25125     183
0.25135     181
0.25145     180
0.25155     196
0.25165     197
0.25175     199
0.25185     157
0.25195     172
0.25205     170
0.25215     193
0.25225     174
0.25235     190
0.25245     193
0.25255     184
0.25265     193
0.25275     185
0.25285     180
0.25295     165
0.25305     169
0.25315     182
0.25325     182
0.25335     188
0.25345     145
0.25355     176
0.25365     185
0.25375     185
0.25385     208
0.25395     169
0.25405     192
0.25415     188
0.25425     179
0.25435     184
0.25445     182
0.25455     185
0.25465     201
0.25475     174
0.25485     192
0.25495     169
0.25505     164
0.25515     208
0.25525     177
0.25535     174
0.25545     177
0.25555     173
0.25565     181
0.25575     179
0.25585     175
0.25595     184
0.25605     167
0.25615     176
0.25625     188
0.25635     183
0.25645     174
0.25655     172
0.25665     169
0.25675     166
0.25685     188
0.25695     174
0.25705     165
0.25715     181
0.25725     174
0.25735     171
0.25745     160
0.25755     196
0.25765     172
0.25775     187
0.25785     164
0.25795     184
0.25805     178
0.25815     177
0.25825     155
0.25835     160
0.25845     177
0.25855     169
0.25865     187
0.25875     178
0.25885     154
0.25895     160
0.25905     175
0.25915     192
0.25925     182
0.25935     180
0.25945     180
0.25955     151
0.25965     171
0.25975     175
0.25985     175
0.25995     178
0.26005     148
0.26015     179
0.26025     167
0.26035     185
0.26045     180
0.26055     192
0.26065     174
0.26075     176
0.26085     178
0.26095     165
0.26105     183
0.26115     167
0.26125     179
0.26135     146
0.26145     172
0.26155     150
0.26165     137
0.26175     168
0.26185     173
0.26195     185
0.26205     193
0.26215     164
0.26225     161
0.26235     203
0.26245     174
0.26255     186
0.26265     159
0.26275     158
0.26285     169
0.26295     179
0.26305     167
0.26315     148
0.26325     167
0.26335     175
0.26345     153
0.26355     169
0.26365     160
0.26375     175
0.26385     151
0.26395     171
0.26405     177
0.26415     185
0.26425     171
0.26435     156
0.26445     179
0.26455     168
0.26465     140
0.26475     167
0.26485     161
0.26495     159
0.26505     167
0.26515     146
0.26525     160
0.26535     156
0.26545     159
0.26555     170
0.26565     168
0.26575     156
0.26585     161
0.26595     170
0.26605     166
0.26615     184
0.26625     173
0.26635     143
0.26645     160
0.26655     136
0.26665     172
0.26675     155
0.26685     164
0.26695     177
0.26705     164
0.26715     156
0.26725     155
0.26735     140
0.26745     157
0.26755     160
0.26765     166
0.26775     157
0.26785     174
0.26795     149
0.26805     154
0.26815     173
0.26825     141
0.26835     156
0.26845     167
0.26855     160
0.26865     161
0.26875     160
0.26885     149
0.26895     150
0.26905     158
0.26915     163
0.26925     162
0.26935     164
0.26945     160
0.26955     144
0.26965     171
0.26975     166
0.26985     168
0.26995     167
0.27005     168
0.27015     169
0.27025     155
0.27035     168
0.27045     169
0.27055     170
0.27065     144
0.27075     155
0.27085     147
0.27095     162
0.27105     151
0.27115     150
0.27125     163
0.27135     136
0.27145     154
0.27155     150
0.27165     161
0.27175     151
0.27185     175
0.27195     145
0.27205     163
0.27215     159
0.27225     148
0.27235     155
0.27245     147
0.27255     154
0.27265     151
0.27275     160
0.27285     157
0.27295     160
0.27305     157
0.27315     172
0.27325     130
0.27335     170
0.27345     157
0.27355     166
0.27365     162
0.27375     156
0.27385     164
0.27395     157
0.27405     166
0.27415     143
0.27425     154
0.27435     159
0.27445     158
0.27455     160
0.27465     150
0.27475     143
0.27485     147
0.27495     151
0.27505     154
0.27515     144
0.27525     174
0.27535     151
0.27545     155
0.27555     166
0.27565     159
0.27575     169
0.27585     152
0.27595     166
0.27605     137
0.27615     169
0.27625     141
0.27635     167
0.27645     171
0.27655     143
0.27665     146
0.27675     144
0.27685     168
0.27695     152
0.27705     138
0.27715     164
0.27725     158
0.27735     146
0.27745     156
0.27755     156
0.27765     146
0.27775     161
0.27785     152
0.27795     158
0.27805     145
0.27815     130
0.27825     154
0.27835     144
0.27845     161
0.27855     138
0.27865     156
0.27875     141
0.27885     141
0.27895     150
0.27905     153
0.27915     142
0.27925     162
0.27935     162
0.27945     169
0.27955     146
0.27965     156
0.27975     176
0.27985     166
0.27995     146
0.28005     134
0.28015     144
0.28025     178
0.28035     149
0.28045     163
0.28055     155
0.28065     174
0.28075     157
0.28085     137
0.28095     135
0.28105     144
0.28115     143
0.28125     149
0.28135     119
0.28145     146
0.28155     149
0.28165     162
0.28175     144
0.28185     144
0.28195     138
0.28205     152
0.28215     138
0.28225     146
0.28235     123
0.28245     150
0.28255     148
0.28265     139
0.28275     151
0.28285     171
0.28295     156
0.28305     143
0.28315     115
0.28325     152
0.28335     147
0.28345     143
0.28355     148
0.28365     159
0.28375     146
0.28385     128
0.28395     135
0.28405     141
0.28415     189
0.28425     142
0.28435     136
0.28445     174
0.28455     144
0.28465     142
0.28475     126
0.28485     141
0.28495     160
0.28505     163
0.28515     148
0.28525     154
0.28535     158
0.28545     141
0.28555     131
0.28565     132
0.28575     162
0.28585     132
0.28595     139
0.28605     153
0.28615     148
0.28625     160
0.28635     146
0.28645     168
0.28655     134
0.28665     113
0.28675     129
0.28685     145
0.28695     160
0.28705     157
0.28715     142
0.28725     126
0.28735     124
0.28745     121
0.28755     132
0.28765     142
0.28775     140
0.28785     129
0.28795     112
0.28805     136
0.28815     132
0.28825     124
0.28835     131
0.28845     131
0.28855     131
0.28865     143
0.28875     136
0.28885     149
0.28895     141
0.28905     136
0.28915     149
0.28925     143
0.28935     135
0.28945     127
0.28955     137
0.28965     119
0.28975     150
0.28985     149
0.28995     133
0.29005     138
0.29015     120
0.29025     137
0.29035     142
0.29045     140
0.29055     134
0.29065     144
0.29075     112
0.29085     137
0.29095     136
0.29105     134
0.29115     152
0.29125     138
0.29135     136
0.29145     141
0.29155     110
0.29165     137
0.29175     152
0.29185     129
0.29195     122
0.29205     140
0.29215     120
0.29225     145
0.29235     135
0.29245     136
0.29255     144
0.29265     143
0.29275     135
0.29285     137
0.29295     151
0.29305     131
0.29315     132
0.29325     130
0.29335     136
0.29345     139
0.29355     110
0.29365     132
0.29375     127
0.29385     134
0.29395     124
0.29405     128
0.29415     137
0.29425     124
0.29435     127
0.29445     133
0.29455     134
0.29465     137
0.29475     135
0.29485     126
0.29495     112
0.29505     144
0.29515     138
0.29525     125
0.29535     141
0.29545     111
0.29555     133
0.29565     117
0.29575     131
0.29585     124
0.29595     121
0.29605     146
0.29615     118
0.29625     143
0.29635     132
0.29645     130
0.29655     115
0.29665     117
0.29675     138
0.29685     114
0.29695     136
0.29705     120
0.29715     113
0.29725     133
0.29735     147
0.29745     125
0.29755     135
0.29765     142
0.29775     123
0.29785     119
0.29795     130
0.29805     96
0.29815     125
0.29825     151
0.29835     128
0.29845     109
0.29855     120
0.29865     108
0.29875     135
0.29885     137
0.29895     111
0.29905     138
0.29915     114
0.29925     131
0.29935     126
0.29945     120
0.29955     146
0.29965     132
0.29975     130
0.29985     116
0.29995     142
0.30005     131
0.30015     121
0.30025     131
0.30035     139
0.30045     124
0.30055     110
0.30065     129
0.30075     135
0.30085     146
0.30095     120
0.30105     122
0.30115     124
0.30125     121
0.30135     124
0.30145     117
0.30155     120
0.30165     108
0.30175     92
0.30185     132
0.30195     117
0.30205     132
0.30215     116
0.30225     133
0.30235     138
0.30245     119
0.30255     133
0.30265     119
0.30275     136
0.30285     153
0.30295     114
0.30305     113
0.30315     120
0.30325     120
0.30335     113
0.30345     127
0.30355     124
0.30365     132
0.30375     135
0.30385     132
0.30395     116
0.30405     139
0.30415     117
0.30425     124
0.30435     115
0.30445     141
0.30455     111
0.30465     124
0.30475     99
0.30485     111
0.30495     121
0.30505     122
0.30515     112
0.30525     133
0.30535     138
0.30545     120
0.30555     145
0.30565     113
0.30575     130
0.30585     111
0.30595     127
0.30605     102
0.30615     124
0.30625     125
0.30635     139
0.30645     119
0.30655     121
0.30665     101
0.30675     116
0.30685     113
0.30695     125
0.30705     112
0.30715     104
0.30725     107
0.30735     94
0.30745     111
0.30755     126
0.30765     112
0.30775     119
0.30785     109
0.30795     116
0.30805     111
0.30815     122
0.30825     99
0.30835     106
0.30845     121
0.30855     144
0.30865     139
0.30875     108
0.30885     106
0.30895     111
0.30905     136
0.30915     129
0.30925     124
0.30935     119
0.30945     125
0.30955     115
0.30965     135
0.30975     99
0.30985     130
0.30995     97
0.31005     120
0.31015     111
0.31025     118
0.31035     103
0.31045     122
0.31055     112
0.31065     131
0.31075     105
0.31085     99
0.31095     115
0.31105     120
0.31115     137
0.31125     120
0.31135     106
0.31145     124
0.31155     97
0.31165     120
0.31175     95
0.31185     112
0.31195     112
0.31205     112
0.31215     112
0.31225     99
0.31235     117
0.31245     108
0.31255     118
0.31265     133
0.31275     127
0.31285     119
0.31295     117
0.31305     130
0.31315     119
0.31325     99
0.31335     107
0.31345     134
0.31355     91
0.31365     98
0.31375     101
0.31385     113
0.31395     104
0.31405     128
0.31415     126
0.31425     111
0.31435     93
0.31445     131
0.31455     99
0.31465     117
0.31475     103
0.31485     113
0.31495     121
0.31505     107
0.31515     103
0.31525     105
0.31535     104
0.31545     120
0.31555     109
0.31565     91
0.31575     109
0.31585     103
0.31595     100
0.31605     120
0.31615     105
0.31625     106
0.31635     105
0.31645     97
0.31655     100
0.31665     99
0.31675     114
0.31685     107
0.31695     98
0.31705     114
0.31715     101
0.31725     109
0.31735     103
0.31745     97
0.31755     93
0.31765     94
0.31775     101
0.31785     92
0.31795     132
0.31805     94
0.31815     101
0.31825     117
0.31835     105
0.31845     106
0.31855     103
0.31865     96
0.31875     94
0.31885     97
0.31895     86
0.31905     102
0.31915     110
0.31925     98
0.31935     102
0.31945     104
0.31955     112
0.31965     121
0.31975     121
0.31985     109
0.31995     98
0.32005     84
0.32015     76
0.32025     107
0.32035     104
0.32045     100
0.32055     99
0.32065     102
0.32075     105
0.32085     89
0.32095     111
0.32105     110
0.32115     104
0.32125     106
0.32135     98
0.32145     105
0.32155     104
0.32165     90
0.32175     89
0.32185     105
0.32195     101
0.32205     98
0.32215     81
0.32225     102
0.32235     83
0.32245     110
0.32255     77
0.32265     120
0.32275     100
0.32285     102
0.32295     111
0.32305     104
0.32315     119
0.32325     91
0.32335     92
0.32345     104
0.32355     103
0.32365     98
0.32375     110
0.32385     92
0.32395     88
0.32405     108
0.32415     77
0.32425     109
0.32435     109
0.32445     92
0.32455     132
0.32465     103
0.32475     105
0.32485     102
0.32495     103
0.32505     100
0.32515     95
0.32525     110
0.32535     111
0.32545     107
0.32555     107
0.32565     104
0.32575     98
0.32585     91
0.32595     91
0.32605     111
0.32615     105
0.32625     103
0.32635     120
0.32645     99
0.32655     93
0.32665     118
0.32675     103
0.32685     89
0.32695     111
0.32705     100
0.32715     89
0.32725     93
0.32735     112
0.32745     98
0.32755     83
0.32765     118
0.32775     85
0.32785     96
0.32795     107
0.32805     81
0.32815     109
0.32825     92
0.32835     104
0.32845     77
0.32855     88
0.32865     117
0.32875     85
0.32885     85
0.32895     83
0.32905     103
0.32915     100
0.32925     103
0.32935     81
0.32945     84
0.32955     89
0.32965     88
0.32975     90
0.32985     87
0.32995     91
0.33005     78
0.33015     86
0.33025     95
0.33035     75
0.33045     90
0.33055     83
0.33065     104
0.33075     100
0.33085     102
0.33095     106
0.33105     88
0.33115     91
0.33125     86
0.33135     111
0.33145     94
0.33155     76
0.33165     91
0.33175     75
0.33185     96
0.33195     101
0.33205     104
0.33215     89
0.33225     92
0.33235     92
0.33245     84
0.33255     74
0.33265     84
0.33275     77
0.33285     85
0.33295     87
0.33305     89
0.33315     91
0.33325     92
0.33335     100
0.33345     83
0.33355     86
0.33365     105
0.33375     95
0.33385     97
0.33395     97
0.33405     92
0.33415     89
0.33425     89
0.33435     92
0.33445     98
0.33455     108
0.33465     95
0.33475     75
0.33485     114
0.33495     97
0.33505     98
0.33515     85
0.33525     99
0.33535     93
0.33545     106
0.33555     106
0.33565     88
0.33575     84
0.33585     103
0.33595     87
0.33605     104
0.33615     87
0.33625     79
0.33635     99
0.33645     87
0.33655     99
0.33665     92
0.33675     90
0.33685     78
0.33695     82
0.33705     83
0.33715     74
0.33725     80
0.33735     78
0.33745     79
0.33755     95
0.33765     93
0.33775     83
0.33785     80
0.33795     80
0.33805     81
0.33815     87
0.33825     73
0.33835     114
0.33845     88
0.33855     81
0.33865     81
0.33875     90
0.33885     98
0.33895     94
0.33905     73
0.33915     74
0.33925     89
0.33935     92
0.33945     91
0.33955     85
0.33965     88
0.33975     91
0.33985     77
0.33995     77
0.34005     83
0.34015     74
0.34025     91
0.34035     83
0.34045     88
0.34055     97
0.34065     82
0.34075     79
0.34085     73
0.34095     91
0.34105     86
0.34115     92
0.34125     91
0.34135     95
0.34145     73
0.34155     69
0.34165     80
0.34175     99
0.34185     82
0.34195     79
0.34205     102
0.34215     74
0.34225     76
0.34235     87
0.34245     79
0.34255     87
0.34265     80
0.34275     75
0.34285     78
0.34295     88
0.34305     95
0.34315     104
0.34325     70
0.34335     81
0.34345     90
0.34355     73
0.34365     84
0.34375     65
0.34385     79
0.34395     86
0.34405     74
0.34415     69
0.34425     61
0.34435     72
0.34445     76
0.34455     87
0.34465     94
0.34475     61
0.34485     80
0.34495     78
0.34505     75
0.34515     77
0.34525     72
0.34535     83
0.34545     74
0.34555     86
0.34565     68
0.34575     84
0.34585     75
0.34595     71
0.34605     87
0.34615     70
0.34625     80
0.34635     90
0.34645     76
0.34655     62
0.34665     72
0.34675     64
0.34685     79
0.34695     74
0.34705     77
0.34715     87
0.34725     78
0.34735     89
0.34745     77
0.34755     72
0.34765     81
0.34775     62
0.34785     72
0.34795     69
0.34805     88
0.34815     65
0.34825     73
0.34835     81
0.34845     92
0.34855     73
0.34865     74
0.34875     76
0.34885     83
0.34895     78
0.34905     58
0.34915     79
0.34925     84
0.34935     72
0.34945     76
0.34955     80
0.34965     86
0.34975     50
0.34985     73
0.34995     71
0.35005     63
0.35015     77
0.35025     72
0.35035     77
0.35045     69
0.35055     66
0.35065     66
0.35075     79
0.35085     69
0.35095     73
0.35105     85
0.35115     67
0.35125     59
0.35135     66
0.35145     72
0.35155     73
0.35165     73
0.35175     67
0.35185     78
0.35195     80
0.35205     69
0.35215     62
0.35225     74
0.35235     72
0.35245     76
0.35255     76
0.35265     67
0.35275     69
0.35285     81
0.35295     69
0.35305     76
0.35315     64
0.35325     71
0.35335     85
0.35345     73
0.35355     70
0.35365     58
0.35375     82
0.35385     48
0.35395     71
0.35405     77
0.35415     75
0.35425     81
0.35435     56
0.35445     67
0.35455     68
0.35465     62
0.35475     71
0.35485     63
0.35495     67
0.35505     60
0.35515     74
0.35525     67
0.35535     65
0.35545     62
0.35555     75
0.35565     71
0.35575     58
0.35585     58
0.35595     62
0.35605     61
0.35615     66
0.35625     70
0.35635     67
0.35645     72
0.35655     71
0.35665     62
0.35675     62
0.35685     80
0.35695     72
0.35705     67
0.35715     65
0.35725     62
0.35735     50
0.35745     72
0.35755     76
0.35765     59
0.35775     71
0.35785     56
0.35795     73
0.35805     63
0.35815     88
0.35825     73
0.35835     77
0.35845     75
0.35855     70
0.35865     77
0.35875     62
0.35885     76
0.35895     59
0.35905     62
0.35915     68
0.35925     55
0.35935     74
0.35945     56
0.35955     63
0.35965     72
0.35975     63
0.35985     66
0.35995     60
0.36005     48
0.36015     68
0.36025     49
0.36035     56
0.36045     64
0.36055     74
0.36065     64
0.36075     63
0.36085     68
0.36095     68
0.36105     63
0.36115     66
0.36125     54
0.36135     59
0.36145     64
0.36155     63
0.36165     71
0.36175     52
0.36185     71
0.36195     73
0.36205     57
0.36215     69
0.36225     71
0.36235     65
0.36245     57
0.36255     59
0.36265     66
0.36275     62
0.36285     66
0.36295     66
0.36305     57
0.36315     58
0.36325     69
0.36335     55
0.36345     58
0.36355     58
0.36365     64
0.36375     51
0.36385     75
0.36395     61
0.36405     54
0.36415     47
0.36425     68
0.36435     51
0.36445     59
0.36455     61
0.36465     47
0.36475     58
0.36485     56
0.36495     58
0.36505     54
0.36515     54
0.36525     70
0.36535     59
0.36545     60
0.36555     54
0.36565     57
0.36575     57
0.36585     51
0.36595     54
0.36605     72
0.36615     48
0.36625     65
0.36635     51
0.36645     73
0.36655     60
0.36665     52
0.36675     60
0.36685     70
0.36695     55
0.36705     51
0.36715     69
0.36725     56
0.36735     49
0.36745     60
0.36755     61
0.36765     63
0.36775     46
0.36785     51
0.36795     57
0.36805     57
0.36815     54
0.36825     52
0.36835     52
0.36845     46
0.36855     60
0.36865     45
0.36875     51
0.36885     66
0.36895     54
0.36905     64
0.36915     56
0.36925     56
0.36935     66
0.36945     60
0.36955     50
0.36965     45
0.36975     58
0.36985     64
0.36995     61
0.37005     64
0.37015     61
0.37025     54
0.37035     50
0.37045     55
0.37055     59
0.37065     58
0.37075     46
0.37085     54
0.37095     59
0.37105     53
0.37115     51
0.37125     65
0.37135     49
0.37145     44
0.37155     60
0.37165     63
0.37175     58
0.37185     54
0.37195     49
0.37205     47
0.37215     59
0.37225     58
0.37235     54
0.37245     68
0.37255     54
0.37265     57
0.37275     38
0.37285     42
0.37295     62
0.37305     61
0.37315     54
0.37325     49
0.37335     60
0.37345     62
0.37355     51
0.37365     54
0.37375     68
0.37385     57
0.37395     49
0.37405     58
0.37415     58
0.37425     52
0.37435     51
0.37445     61
0.37455     67
0.37465     48
0.37475     55
0.37485     58
0.37495     48
0.37505     57
0.37515     47
0.37525     48
0.37535     45
0.37545     49
0.37555     49
0.37565     50
0.37575     57
0.37585     51
0.37595     59
0.37605     45
0.37615     44
0.37625     47
0.37635     58
0.37645     49
0.37655     43
0.37665     53
0.37675     49
0.37685     42
0.37695     62
0.37705     46
0.37715     46
0.37725     52
0.37735     41
0.37745     54
0.37755     45
0.37765     52
0.37775     45
0.37785     46
0.37795     44
0.37805     61
0.37815     56
0.37825     42
0.37835     50
0.37845     42
0.37855     46
0.37865     40
0.37875     48
0.37885     40
0.37895     47
0.37905     55
0.37915     47
0.37925     40
0.37935     49
0.37945     58
0.37955     55
0.37965     56
0.37975     60
0.37985     51
0.37995     43
0.38005     47
0.38015     45
0.38025     40
0.38035     55
0.38045     49
0.38055     41
0.38065     43
0.38075     60
0.38085     42
0.38095     36
0.38105     47
0.38115     55
0.38125     47
0.38135     39
0.38145     41
0.38155     59
0.38165     63
0.38175     31
0.38185     40
0.38195     39
0.38205     46
0.38215     54
0.38225     63
0.38235     54
0.38245     42
0.38255     49
0.38265     48
0.38275     40
0.38285     37
0.38295     51
0.38305     45
0.38315     43
0.38325     55
0.38335     43
0.38345     44
0.38355     58
0.38365     43
0.38375     49
0.38385     42
0.38395     42
0.38405     45
0.38415     40
0.38425     38
0.38435     36
0.38445     52
0.38455     46
0.38465     47
0.38475     51
0.38485     36
0.38495     48
0.38505     47
0.38515     38
0.38525     36
0.38535     41
0.38545     40
0.38555     41
0.38565     46
0.38575     42
0.38585     51
0.38595     47
0.38605     51
0.38615     41
0.38625     38
0.38635     31
0.38645     46
0.38655     38
0.38665     39
0.38675     49
0.38685     45
0.38695     39
0.38705     42
0.38715     40
0.38725     42
0.38735     45
0.38745     37
0.38755     39
0.38765     43
0.38775     43
0.38785     38
0.38795     47
0.38805     41
0.38815     48
0.38825     48
0.38835     33
0.38845     35
0.38855     43
0.38865     41
0.38875     24
0.38885     36
0.38895     38
0.38905     36
0.38915     29
0.38925     35
0.38935     35
0.38945     46
0.38955     48
0.38965     45
0.38975     41
0.38985     36
0.38995     46
0.39005     36
0.39015     46
0.39025     47
0.39035     36
0.39045     43
0.39055     45
0.39065     27
0.39075     39
0.39085     36
0.39095     38
0.39105     23
0.39115     33
0.39125     32
0.39135     38
0.39145     40
0.39155     42
0.39165     34
0.39175     39
0.39185     36
0.39195     36
0.39205     44
0.39215     35
0.39225     34
0.39235     37
0.39245     46
0.39255     36
0.39265     40
0.39275     38
0.39285     37
0.39295     43
0.39305     42
0.39315     37
0.39325     40
0.39335     46
0.39345     40
0.39355     36
0.39365     46
0.39375     34
0.39385     39
0.39395     40
0.39405     35
0.39415     30
0.39425     44
0.39435     39
0.39445     49
0.39455     39
0.39465     41
0.39475     39
0.39485     32
0.39495     32
0.39505     39
0.39515     28
0.39525     37
0.39535     33
0.39545     39
0.39555     30
0.39565     43
0.39575     41
0.39585     38
0.39595     37
0.39605     32
0.39615     38
0.39625     29
0.39635     43
0.39645     47
0.39655     40
0.39665     35
0.39675     28
0.39685     49
0.39695     43
0.39705     38
0.39715     49
0.39725     43
0.39735     33
0.39745     35
0.39755     30
0.39765     45
0.39775     32
0.39785     36
0.39795     35
0.39805     41
0.39815     25
0.39825     30
0.39835     38
0.39845     41
0.39855     35
0.39865     36
0.39875     35
0.39885     36
0.39895     35
0.39905     41
0.39915     40
0.39925     32
0.39935     31
0.39945     37
0.39955     36
0.39965     29
0.39975     42
0.39985     39
0.39995     32
0.40005     35
0.40015     42
0.40025     43
0.40035     26
0.40045     36
0.40055     42
0.40065     30
0.40075     30
0.40085     27
0.40095     31
0.40105     32
0.40115     23
0.40125     37
0.40135     37
0.40145     35
0.40155     32
0.40165     37
0.40175     30
0.40185     29
0.40195     37
0.40205     35
0.40215     35
0.40225     36
0.40235     36
0.40245     31
0.40255     32
0.40265     39
0.40275     28
0.40285     38
0.40295     28
0.40305     23
0.40315     34
0.40325     33
0.40335     29
0.40345     33
0.40355     49
0.40365     36
0.40375     27
0.40385     35
0.40395     28
0.40405     26
0.40415     36
0.40425     33
0.40435     25
0.40445     32
0.40455     41
0.40465     31
0.40475     34
0.40485     28
0.40495     29
0.40505     35
0.40515     32
0.40525     25
0.40535     24
0.40545     28
0.40555     30
0.40565     21
0.40575     33
0.40585     40
0.40595     24
0.40605     23
0.40615     32
0.40625     28
0.40635     22
0.40645     22
0.40655     35
0.40665     25
0.40675     28
0.40685     28
0.40695     33
0.40705     17
0.40715     29
0.40725     24
0.40735     28
0.40745     37
0.40755     34
0.40765     29
0.40775     32
0.40785     34
0.40795     28
0.40805     29
0.40815     33
0.40825     24
0.40835     35
0.40845     26
0.40855     33
0.40865     31
0.40875     23
0.40885     24
0.40895     28
0.40905     18
0.40915     20
0.40925     35
0.40935     23
0.40945     29
0.40955     23
0.40965     12
0.40975     30
0.40985     20
0.40995     26
0.41005     31
0.41015     28
0.41025     33
0.41035     36
0.41045     36
0.41055     34
0.41065     22
0.41075     29
0.41085     26
0.41095     31
0.41105     32
0.41115     31
0.41125     31
0.41135     17
0.41145     24
0.41155     30
0.41165     28
0.41175     23
0.41185     26
0.41195     25
0.41205     24
0.41215     26
0.41225     24
0.41235     25
0.41245     20
0.41255     25
0.41265     28
0.41275     24
0.41285     23
0.41295     22
0.41305     25
0.41315     26
0.41325     23
0.41335     27
0.41345     28
0.41355     24
0.41365     21
0.41375     26
0.41385     28
0.41395     24
0.41405     24
0.41415     27
0.41425     28
0.41435     28
0.41445     30
0.41455     24
0.41465     18
0.41475     20
0.41485     23
0.41495     22
0.41505     25
0.41515     21
0.41525     23
0.41535     28
0.41545     24
0.41555     20
0.41565     23
0.41575     20
0.41585     28
0.41595     23
0.41605     19
0.41615     27
0.41625     25
0.41635     19
0.41645     25
0.41655     24
0.41665     21
0.41675     26
0.41685     25
0.41695     19
0.41705     18
0.41715     34
0.41725     27
0.41735     18
0.41745     10
0.41755     19
0.41765     27
0.41775     11
0.41785     25
0.41795     21
0.41805     25
0.41815     24
0.41825     23
0.41835     21
0.41845     24
0.41855     20
0.41865     19
0.41875     17
0.41885     20
0.41895     26
0.41905     29
0.41915     24
0.41925     17
0.41935     16
0.41945     19
0.41955     26
0.41965     25
0.41975     23
0.41985     23
0.41995     21
0.42005     20
0.42015     21
0.42025     27
0.42035     16
0.42045     25
0.42055     10
0.42065     23
0.42075     20
0.42085     22
0.42095     18
0.42105     21
0.42115     21
0.42125     16
0.42135     12
0.42145     18
0.42155     12
0.42165     29
0.42175     18
0.42185     14
0.42195     17
0.42205     15
0.42215     21
0.42225     23
0.42235     23
0.42245     20
0.42255     23
0.42265     26
0.42275     17
0.42285     19
0.42295     17
0.42305     16
0.42315     19
0.42325     16
0.42335     18
0.42345     13
0.42355     19
0.42365     13
0.42375     24
0.42385     16
0.42395     20
0.42405     25
0.42415     13
0.42425     18
0.42435     23
0.42445     23
0.42455     12
0.42465     19
0.42475     18
0.42485     13
0.42495     18
0.42505     15
0.42515     23
0.42525     21
0.42535     28
0.42545     28
0.42555     13
0.42565     16
0.42575     15
0.42585     16
0.42595     19
0.42605     17
0.42615     13
0.42625     17
0.42635     12
0.42645     17
0.42655     17
0.42665     22
0.42675     14
0.42685     15
0.42695     22
0.42705     19
0.42715     17
0.42725     18
0.42735     22
0.42745     18
0.42755     19
0.42765     17
0.42775     10
0.42785     21
0.42795     13
0.42805     21
0.42815     11
0.42825     16
0.42835     19
0.42845     12
0.42855     18
0.42865     24
0.42875     15
0.42885     16
0.42895     11
0.42905     14
0.42915     16
0.42925     18
0.42935     15
0.42945     12
0.42955     17
0.42965     15
0.42975     18
0.42985     23
0.42995     18
0.43005     15
0.43015     18
0.43025     21
0.43035     20
0.43045     14
0.43055     10
0.43065     15
0.43075     11
0.43085     17
0.43095     21
0.43105     16
0.43115     15
0.43125     13
0.43135     12
0.43145     13
0.43155     14
0.43165     11
0.43175     15
0.43185     8
0.43195     13
0.43205     17
0.43215     9
0.43225     13
0.43235     9
0.43245     15
0.43255     11
0.43265     14
0.43275     18
0.43285     9
0.43295     10
0.43305     16
0.43315     12
0.43325     19
0.43335     13
0.43345     10
0.43355     10
0.43365     17
0.43375     10
0.43385     13
0.43395     12
0.43405     15
0.43415     14
0.43425     10
0.43435     14
0.43445     9
0.43455     11
0.43465     15
0.43475     11
0.43485     11
0.43495     8
0.43505     13
0.43515     13
0.43525     20
0.43535     16
0.43545     9
0.43555     12
0.43565     12
0.43575     21
0.43585     17
0.43595     13
0.43605     21
0.43615     14
0.43625     14
0.43635     18
0.43645     11
0.43655     9
0.43665     10
0.43675     13
0.43685     9
0.43695     14
0.43705     9
0.43715     11
0.43725     15
0.43735     15
0.43745     10
0.43755     9
0.43765     15
0.43775     10
0.43785     14
0.43795     17
0.43805     17
0.43815     13
0.43825     6
0.43835     11
0.43845     17
0.43855     8
0.43865     14
0.43875     12
0.43885     15
0.43895     9
0.43905     10
0.43915     11
0.43925     8
0.43935     12
0.43945     12
0.43955     9
0.43965     14
0.43975     15
0.43985     16
0.43995     11
0.44005     8
0.44015     14
0.44025     15
0.44035     13
0.44045     12
0.44055     4
0.44065     10
0.44075     16
0.44085     9
0.44095     12
0.44105     14
0.44115     5
0.44125     12
0.44135     14
0.44145     4
0.44155     12
0.44165     15
0.44175     11
0.44185     4
0.44195     16
0.44205     10
0.44215     13
0.44225     13
0.44235     8
0.44245     12
0.44255     17
0.44265     11
0.44275     4
0.44285     10
0.44295     9
0.44305     10
0.44315     11
0.44325     12
0.44335     10
0.44345     14
0.44355     13
0.44365     7
0.44375     10
0.44385     9
0.44395     7
0.44405     11
0.44415     10
0.44425     11
0.44435     12
0.44445     17
0.44455     10
0.44465     11
0.44475     11
0.44485     6
0.44495     9
0.44505     3
0.44515     12
0.44525     7
0.44535     16
0.44545     6
0.44555     16
0.44565     14
0.44575     13
0.44585     13
0.44595     12
0.44605     8
0.44615     10
0.44625     11
0.44635     8
0.44645     5
0.44655     13
0.44665     8
0.44675     14
0.44685     7
0.44695     9
0.44705     7
0.44715     5
0.44725     6
0.44735     8
0.44745     9
0.44755     12
0.44765     12
0.44775     5
0.44785     5
0.44795     14
0.44805     11
0.44815     6
0.44825     5
0.44835     6
0.44845     8
0.44855     6
0.44865     6
0.44875     6
0.44885     10
0.44895     7
0.44905     8
0.44915     10
0.44925     11
0.44935     2
0.44945     7
0.44955     7
0.44965     9
0.44975     11
0.44985     5
0.44995     13
0.45005     14
0.45015     5
0.45025     10
0.45035     4
0.45045     7
0.45055     9
0.45065     7
0.45075     12
0.45085     11
0.45095     10
0.45105     12
0.45115     3
0.45125     8
0.45135     8
0.45145     6
0.45155     8
0.45165     0
0.45175     3
0.45185     4
0.45195     8
0.45205     5
0.45215     10
0.45225     5
0.45235     7
0.45245     6
0.45255     14
0.45265     7
0.45275     7
0.45285     7
0.45295     6
0.45305     6
0.45315     6
0.45325     5
0.45335     9
0.45345     4
0.45355     5
0.45365     5
0.45375     6
0.45385     10
0.45395     4
0.45405     3
0.45415     6
0.45425     4
0.45435     4
0.45445     7
0.45455     4
0.45465     6
0.45475     4
0.45485     6
0.45495     4
0.45505     7
0.45515     7
0.45525     8
0.45535     8
0.45545     11
0.45555     10
0.45565     8
0.45575     7
0.45585     2
0.45595     3
0.45605     4
0.45615     5
0.45625     4
0.45635     4
0.45645     4
0.45655     5
0.45665     5
0.45675     3
0.45685     10
0.45695     6
0.45705     7
0.45715     5
0.45725     9
0.45735     7
0.45745     6
0.45755     7
0.45765     4
0.45775     10
0.45785     4
0.45795     2
0.45805     10
0.45815     7
0.45825     4
0.45835     5
0.45845     4
0.45855     5
0.45865     10
0.45875     3
0.45885     8
0.45895     7
0.45905     3
0.45915     7
0.45925     3
0.45935     5
0.45945     11
0.45955     7
0.45965     4
0.45975     4
0.45985     2
0.45995     9
0.46005     5
0.46015     7
0.46025     6
0.46035     2
0.46045     7
0.46055     3
0.46065     3
0.46075     2
0.46085     2
0.46095     2
0.46105     6
0.46115     5
0.46125     6
0.46135     5
0.46145     6
0.46155     5
0.46165     2
0.46175     10
0.46185     9
0.46195     2
0.46205     6
0.46215     4
0.46225     4
0.46235     7
0.46245     1
0.46255     5
0.46265     3
0.46275     1
0.46285     6
0.46295     2
0.46305     6
0.46315     6
0.46325     6
0.46335     3
0.46345     2
0.46355     4
0.46365     7
0.46375     4
0.46385     4
0.46395     2
0.46405     9
0.46415     6
0.46425     3
0.46435     4
0.46445     2
0.46455     5
0.46465     5
0.46475     4
0.46485     3
0.46495     8
0.46505     8
0.46515     5
0.46525     5
0.46535     4
0.46545     7
0.46555     4
0.46565     6
0.46575     4
0.46585     6
0.46595     3
0.46605     4
0.46615     6
0.46625     5
0.46635     4
0.46645     2
0.46655     6
0.46665     2
0.46675     4
0.46685     2
0.46695     1
0.46705     4
0.46715     4
0.46725     3
0.46735     2
0.46745     1
0.46755     6
0.46765     5
0.46775     4
0.46785     1
0.46795     6
0.46805     5
0.46815     9
0.46825     4
0.46835     6
0.46845     3
0.46855     4
0.46865     4
0.46875     4
0.46885     5
0.46895     3
0.46905     7
0.46915     1
0.46925     3
0.46935     4
0.46945     1
0.46955     5
0.46965     6
0.46975     1
0.46985     2
0.46995     3
0.47005     4
0.47015     5
0.47025     3
0.47035     3
0.47045     1
0.47055     5
0.47065     0
0.47075     0
0.47085     10
0.47095     3
0.47105     2
0.47115     2
0.47125     2
0.47135     4
0.47145     5
0.47155     0
0.47165     2
0.47175     1
0.47185     4
0.47195     2
0.47205     0
0.47215     3
0.47225     3
0.47235     4
0.47245     1
0.47255     0
0.47265     2
0.47275     0
0.47285     1
0.47295     5
0.47305     2
0.47315     1
0.47325     4
0.47335     3
0.47345     1
0.47355     2
0.47365     4
0.47375     0
0.47385     1
0.47395     1
0.47405     3
0.47415     4
0.47425     0
0.47435     4
0.47445     5
0.47455     1
0.47465     5
0.47475     2
0.47485     2
0.47495     1
0.47505     1
0.47515     5
0.47525     0
0.47535     4
0.47545     2
0.47555     3
0.47565     2
0.47575     0
0.47585     5
0.47595     5
0.47605     2
0.47615     1
0.47625     4
0.47635     6
0.47645     2
0.47655     3
0.47665     0
0.47675     0
0.47685     4
0.47695     4
0.47705     3
0.47715     0
0.47725     3
0.47735     1
0.47745     1
0.47755     0
0.47765     5
0.47775     2
0.47785     4
0.47795     3
0.47805     2
0.47815     0
0.47825     1
0.47835     4
0.47845     1
0.47855     0
0.47865     2
0.47875     3
0.47885     2
0.47895     1
0.47905     3
0.47915     1
0.47925     0
0.47935     0
0.47945     2
0.47955     5
0.47965     0
0.47975     2
0.47985     0
0.47995     0
0.48005     0
0.48015     0
0.48025     0
0.48035     2
0.48045     5
0.48055     1
0.48065     0
0.48075     3
0.48085     1
0.48095     1
0.48105     3
0.48115     2
0.48125     1
0.48135     2
0.48145     5
0.48155     3
0.48165     0
0.48175     0
0.48185     0
0.48195     0
0.48205     0
0.48215     0
0.48225     0
0.48235     0
0.48245     0
0.48255     0
0.48265     0
0.48275     0
0.48285     0
0.48295     0
0.48305     0
0.48315     0
0.48325     0
0.48335     0
0.48345     0
0.48355     0
0.48365     0
0.48375     0
0.48385     0
0.48395     0
0.48405     0
0.48415     0
0.48425     0
0.48435     0
0.48445     0
0.48455     0
0.48465     0
0.48475     0
0.48485     0
0.48495     0
0.48505     0
0.48515     0
0.48525     0
0.48535     0
0.48545     0
0.48555     0
0.48565     0
0.48575     0
0.48585     0
0.48595     0
0.48605     0
0.48615     0
0.48625     0
0.48635     0
0.48645     0
0.48655     0
0.48665     0
0.48675     0
0.48685     0
0.48695     0
0.48705     0
0.48715     0
0.48725     0
0.48735     0
0.48745     0
0.48755     0
0.48765     0
0.48775     0
0.48785     0
0.48795     0
0.48805     0
0.48815     0
0.48825     0
0.48835     0
0.48845     0
0.48855     0
0.48865     0
0.48875     0
0.48885     0
0.48895     0
0.48905     0
0.48915     0
0.48925     0
0.48935     0
0.48945     0
0.48955     0
0.48965     0
0.48975     0
0.48985     0
0.48995     0
0.49005     0
0.49015     0
0.49025     0
0.49035     0
0.49045     0
0.49055     0
0.49065     0
0.49075     0
0.49085     0
0.49095     0
0.49105     0
0.49115     0
0.49125     0
0.49135     0
0.49145     0
0.49155     0
0.49165     0
0.49175     0
0.49185     0
0.49195     0
0.49205     0
0.49215     0
0.49225     0
0.49235     0
0.49245     0
0.49255     0
0.49265     0
0.49275     0
0.49285     0
0.49295     0
0.49305     0
0.49315     0
0.49325     0
0.49335     0
0.49345     0
0.49355     0
0.49365     0
0.49375     0
0.49385     0
0.49395     0
0.49405     0
0.49415     0
0.49425     0
0.49435     0
0.49445     0
0.49455     0
0.49465     0
0.49475     0
0.49485     0
0.49495     0
0.49505     0
0.49515     0
0.49525     0
0.49535     0
0.49545     0
0.49555     0
0.49565     0
0.49575     0
0.49585     0
0.49595     0
0.49605     0
0.49615     0
0.49625     0
0.49635     0
0.49645     0
0.49655     0
0.49665     0
0.49675     0
0.49685     0
0.49695     0
0.49705     0
0.49715     0
0.49725     0
0.49735     0
0.49745     0
0.49755     0
0.49765     0
0.49775     0
0.49785     0
0.49795     0
0.49805     0
0.49815     0
0.49825     0
0.49835     0
0.49845     0
0.49855     0
0.49865     0
0.49875     0
0.49885     0
0.49895     0
0.49905     0
0.49915     0
0.49925     0
0.49935     0
0.49945     0
0.49955     0
0.49965     0
0.49975     0
0.49985     0
0.49995     0
0.50005     0
0.50015     0
0.50025     0
0.50035     0
0.50045     0
0.50055     0
0.50065     0
0.50075     0
0.50085     0
0.50095     0
0.50105     0
0.50115     0
0.50125     0
0.50135     0
0.50145     0
0.50155     0
0.50165     0
0.50175     0
0.50185     0
0.50195     0
0.50205     0
0.50215     0
0.50225     0
0.50235     0
0.50245     0
0.50255     0
0.50265     0
0.50275     0
0.50285     0
0.50295     0
0.50305     0
0.50315     0
0.50325     0
0.50335     0
0.50345     0
0.50355     0
0.50365     0
0.50375     0
0.50385     0
0.50395     0
0.50405     0
0.50415     0
0.50425     0
0.50435     0
0.50445     0
0.50455     0
0.50465     0
0.50475     0
0.50485     0
0.50495     0
0.50505     0
0.50515     0
0.50525     0
0.50535     0
0.50545     0
0.50555     0
0.50565     0
0.50575     0
0.50585     0
0.50595     0
0.50605     0
0.50615     0
0.50625     0
0.50635     0
0.50645     0
0.50655     0
0.50665     0
0.50675     0
0.50685     0
0.50695     0
0.50705     0
0.50715     0
0.50725     0
0.50735     0
0.50745     0
0.50755     0
0.50765     0
0.50775     0
0.50785     0
0.50795     0
0.50805     0
0.50815     0
0.50825     0
0.50835     0
0.50845     0
0.50855     0
0.50865     0
0.50875     0
0.50885     0
0.50895     0
0.50905     0
0.50915     0
0.50925     0
0.50935     0
0.50945     0
0.50955     0
0.50965     0
0.50975     0
0.50985     0
0.50995     0
0.51005     0
0.51015     0
0.51025     0
0.51035     0
0.51045     0
0.51055     0
0.51065     0
0.51075     0
0.51085     0
0.51095     0
0.51105     0
0.51115     0
0.51125     0
0.51135     0
0.51145     0
0.51155     0
0.51165     0
0.51175     0
0.51185     0
0.51195     0
0.51205     0
0.51215     0
0.51225     0
0.51235     0
0.51245     0
0.51255     0
0.51265     0
0.51275     0
0.51285     0
0.51295     0
0.51305     0
0.51315     0
0.51325     0
0.51335     0
0.51345     0
0.51355     0
0.51365     0
0.51375     0
0.51385     0
0.51395     0
0.51405     0
0.51415     0
0.51425     0
0.51435     0
0.51445     0
0.51455     0
0.51465     0
0.51475     0
0.51485     0
0.51495     0
0.51505     0
0.51515     0
0.51525     0
0.51535     0
0.51545     0
0.51555     0
0.51565     0
0.51575     0
0.51585     0
0.51595     0
0.51605     0
0.51615     0
0.51625     0
0.51635     0
0.51645     0
0.51655     0
0.51665     0
0.51675     0
0.51685     0
0.51695     0
0.51705     0
0.51715     0
0.51725     0
0.51735     0
0.51745     0
0.51755     0
0.51765     0
0.51775     0
0.51785     0
0.51795     0
0.51805     0
0.51815     0
0.51825     0
0.51835     0
0.51845     0
0.51855     0
0.51865     0
0.51875     0
0.51885     0
0.51895     0
0.51905     0
0.51915     0
0.51925     0
0.51935     0
0.51945     0
0.51955     0
0.51965     0
0.51975     0
0.51985     0
0.51995     0
0.52005     0
0.52015     0
0.52025     0
0.52035     0
0.52045     0
0.52055     0
0.52065     0
0.52075     0
0.52085     0
0.52095     0
0.52105     0
0.52115     0
0.52125     0
0.52135     0
0.52145     0
0.52155     0
0.52165     0
0.52175     0
0.52185     0
0.52195     0
0.52205     0
0.52215     0
0.52225     0
0.52235     0
0.52245     0
0.52255     0
0.52265     0
0.52275     0
0.52285     0
0.52295     0
0.52305     0
0.52315     0
0.52325     0
0.52335     0
0.52345     0
0.52355     0
0.52365     0
0.52375     0
0.52385     0
0.52395     0
0.52405     0
0.52415     0
0.52425     0
0.52435     0
0.52445     0
0.52455     0
0.52465     0
0.52475     0
0.52485     0
0.52495     0
0.52505     0
0.52515     0
0.52525     0
0.52535     0
0.52545     0
0.52555     0
0.52565     0
0.52575     0
0.52585     0
0.52595     0
0.52605     0
0.52615     0
0.52625     0
0.52635     0
0.52645     0
0.52655     0
0.52665     0
0.52675     0
0.52685     0
0.52695     0
0.52705     0
0.52715     0
0.52725     0
0.52735     0
0.52745     0
0.52755     0
0.52765     0
0.52775     0
0.52785     0
0.52795     0
0.52805     0
0.52815     0
0.52825     0
0.52835     0
0.52845     0
0.52855     0
0.52865     0
0.52875     0
0.52885     0
0.52895     0
0.52905     0
0.52915     0
0.52925     0
0.52935     0
0.52945     0
0.52955     0
0.52965     0
0.52975     0
0.52985     0
0.52995     0
0.53005     0
0.53015     0
0.53025     0
0.53035     0
0.53045     0
0.53055     0
0.53065     0
0.53075     0
0.53085     0
0.53095     0
0.53105     0
0.53115     0
0.53125     0
0.53135     0
0.53145     0
0.53155     0
0.53165     0
0.53175     0
0.53185     0
0.53195     0
0.53205     0
0.53215     0
0.53225     0
0.53235     0
0.53245     0
0.53255     0
0.53265     0
0.53275     0
0.53285     0
0.53295     0
0.53305     0
0.53315     0
0.53325     0
0.53335     0
0.53345     0
0.53355     0
0.53365     0
0.53375     0
0.53385     0
0.53395     0
0.53405     0
0.53415     0
0.53425     0
0.53435     0
0.53445     0
0.53455     0
0.53465     0
0.53475     0
0.53485     0
0.53495     0
0.53505     0
0.53515     0
0.53525     0
0.53535     0
0.53545     0
0.53555     0
0.53565     0
0.53575     0
0.53585     0
0.53595     0
0.53605     0
0.53615     0
0.53625     0
0.53635     0
0.53645     0
0.53655     0
0.53665     0
0.53675     0
0.53685     0
0.53695     0
0.53705     0
0.53715     0
0.53725     0
0.53735     0
0.53745     0
0.53755     0
0.53765     0
0.53775     0
0.53785     0
0.53795     0
0.53805     0
0.53815     0
0.53825     0
0.53835     0
0.53845     0
0.53855     0
0.53865     0
0.53875     0
0.53885     0
0.53895     0
0.53905     0
0.53915     0
0.53925     0
0.53935     0
0.53945     0
0.53955     0
0.53965     0
0.53975     0
0.53985     0
0.53995     0
0.54005     0
0.54015     0
0.54025     0
0.54035     0
0.54045     0
0.54055     0
0.54065     0
0.54075     0
0.54085     0
0.54095     0
0.54105     0
0.54115     0
0.54125     0
0.54135     0
0.54145     0
0.54155     0
0.54165     0
0.54175     0
0.54185     0
0.54195     0
0.54205     0
0.54215     0
0.54225     0
0.54235     0
0.54245     0
0.54255     0
0.54265     0
0.54275     0
0.54285     0
0.54295     0
0.54305     0
0.54315     0
0.54325     0
0.54335     0
0.54345     0
0.54355     0
0.54365     0
0.54375     0
0.54385     0
0.54395     0
0.54405     0
0.54415     0
0.54425     0
0.54435     0
0.54445     0
0.54455     0
0.54465     0
0.54475     0
0.54485     0
0.54495     0
0.54505     0
0.54515     0
0.54525     0
0.54535     0
0.54545     0
0.54555     0
0.54565     0
0.54575     0
0.54585     0
0.54595     0
0.54605     0
0.54615     0
0.54625     0
0.54635     0
0.54645     0
0.54655     0
0.54665     0
0.54675     0
0.54685     0
0.54695     0
0.54705     0
0.54715     0
0.54725     0
0.54735     0
0.54745     0
0.54755     0
0.54765     0
0.54775     0
0.54785     0
0.54795     0
0.54805     0
0.54815     0
0.54825     0
0.54835     0
0.54845     0
0.54855     0
0.54865     0
0.54875     0
0.54885     0
0.54895     0
0.54905     0
0.54915     0
0.54925     0
0.54935     0
0.54945     0
0.54955     0
0.54965     0
0.54975     0
0.54985     0
0.54995     0
0.55005     0
0.55015     0
0.55025     0
0.55035     0
0.55045     0
0.55055     0
0.55065     0
0.55075     0
0.55085     0
0.55095     0
0.55105     0
0.55115     0
0.55125     0
0.55135     0
0.55145     0
0.55155     0
0.55165     0
0.55175     0
0.55185     0
0.55195     0
0.55205     0
0.55215     0
0.55225     0
0.55235     0
0.55245     0
0.55255     0
0.55265     0
0.55275     0
0.55285     0
0.55295     0
0.55305     0
0.55315     0
0.55325     0
0.55335     0
0.55345     0
0.55355     0
0.55365     0
0.55375     0
0.55385     0
0.55395     0
0.55405     0
0.55415     0
0.55425     0
0.55435     0
0.55445     0
0.55455     0
0.55465     0
0.55475     0
0.55485     0
0.55495     0
0.55505     0
0.55515     0
0.55525     0
0.55535     0
0.55545     0
0.55555     0
0.55565     0
0.55575     0
0.55585     0
0.55595     0
0.55605     0
0.55615     0
0.55625     0
0.55635     0
0.55645     0
0.55655     0
0.55665     0
0.55675     0
0.55685     0
0.55695     0
0.55705     0
0.55715     0
0.55725     0
0.55735     0
0.55745     0
0.55755     0
0.55765     0
0.55775     0
0.55785     0
0.55795     0
0.55805     0
0.55815     0
0.55825     0
0.55835     0
0.55845     0
0.55855     0
0.55865     0
0.55875     0
0.55885     0
0.55895     0
0.55905     0
0.55915     0
0.55925     0
0.55935     0
0.55945     0
0.55955     0
0.55965     0
0.55975     0
0.55985     0
0.55995     0
0.56005     0
0.56015     0
0.56025     0
0.56035     0
0.56045     0
0.56055     0
0.56065     0
0.56075     0
0.56085     0
0.56095     0
0.56105     0
0.56115     0
0.56125     0
0.56135     0
0.56145     0
0.56155     0
0.56165     0
0.56175     0
0.56185     0
0.56195     0
0.56205     0
0.56215     0
0.56225     0
0.56235     0
0.56245     0
0.56255     0
0.56265     0
0.56275     0
0.56285     0
0.56295     0
0.56305     0
0.56315     0
0.56325     0
0.56335     0
0.56345     0
0.56355     0
0.56365     0
0.56375     0
0.56385     0
0.56395     0
0.56405     0
0.56415     0
0.56425     0
0.56435     0
0.56445     0
0.56455     0
0.56465     0
0.56475     0
0.56485     0
0.56495     0
0.56505     0
0.56515     0
0.56525     0
0.56535     0
0.56545     0
0.56555     0
0.56565     0
0.56575     0
0.56585     0
0.56595     0
0.56605     0
0.56615     0
0.56625     0
0.56635     0
0.56645     0
0.56655     0
0.56665     0
0.56675     0
0.56685     0
0.56695     0
0.56705     0
0.56715     0
0.56725     0
0.56735     0
0.56745     0
0.56755     0
0.56765     0
0.56775     0
0.56785     0
0.56795     0
0.56805     0
0.56815     0
0.56825     0
0.56835     0
0.56845     0
0.56855     0
0.56865     0
0.56875     0
0.56885     0
0.56895     0
0.56905     0
0.56915     0
0.56925     0
0.56935     0
0.56945     0
0.56955     0
0.56965     0
0.56975     0
0.56985     0
0.56995     0
0.57005     0
0.57015     0
0.57025     0
0.57035     0
0.57045     0
0.57055     0
0.57065     0
0.57075     0
0.57085     0
0.57095     0
0.57105     0
0.57115     0
0.57125     0
0.57135     0
0.57145     0
0.57155     0
0.57165     0
0.57175     0
0.57185     0
0.57195     0
0.57205     0
0.57215     0
0.57225     0
0.57235     0
0.57245     0
0.57255     0
0.57265     0
0.57275     0
0.57285     0
0.57295     0
0.57305     0
0.57315     0
0.57325     0
0.57335     0
0.57345     0
0.57355     0
0.57365     0
0.57375     0
0.57385     0
0.57395     0
0.57405     0
0.57415     0
0.57425     0
0.57435     0
0.57445     0
0.57455     0
0.57465     0
0.57475     0
0.57485     0
0.57495     0
0.57505     0
0.57515     0
0.57525     0
0.57535     0
0.57545     0
0.57555     0
0.57565     0
0.57575     0
0.57585     0
0.57595     0
0.57605     0
0.57615     0
0.57625     0
0.57635     0
0.57645     0
0.57655     0
0.57665     0
0.57675     0
0.57685     0
0.57695     0
0.57705     0
0.57715     0
0.57725     0
0.57735     0
0.57745     0
0.57755     0
0.57765     0
0.57775     0
0.57785     0
0.57795     0
0.57805     0
0.57815     0
0.57825     0
0.57835     0
0.57845     0
0.57855     0
0.57865     0
0.57875     0
0.57885     0
0.57895     0
0.57905     0
0.57915     0
0.57925     0
0.57935     0
0.57945     0
0.57955     0
0.57965     0
0.57975     0
0.57985     0
0.57995     0
0.58005     0
0.58015     0
0.58025     0
0.58035     0
0.58045     0
0.58055     0
0.58065     0
0.58075     0
0.58085     0
0.58095     0
0.58105     0
0.58115     0
0.58125     0
0.58135     0
0.58145     0
0.58155     0
0.58165     0
0.58175     0
0.58185     0
0.58195     0
0.58205     0
0.58215     0
0.58225     0
0.58235     0
0.58245     0
0.58255     0
0.58265     0
0.58275     0
0.58285     0
0.58295     0
0.58305     0
0.58315     0
0.58325     0
0.58335     0
0.58345     0
0.58355     0
0.58365     0
0.58375     0
0.58385     0
0.58395     0
0.58405     0
0.58415     0
0.58425     0
0.58435     0
0.58445     0
0.58455     0
0.58465     0
0.58475     0
0.58485     0
0.58495     0
0.58505     0
0.58515     0
0.58525     0
0.58535     0
0.58545     0
0.58555     0
0.58565     0
0.58575     0
0.58585     0
0.58595     0
0.58605     0
0.58615     0
0.58625     0
0.58635     0
0.58645     0
0.58655     0
0.58665     0
0.58675     0
0.58685     0
0.58695     0
0.58705     0
0.58715     0
0.58725     0
0.58735     0
0.58745     0
0.58755     0
0.58765     0
0.58775     0
0.58785     0
0.58795     0
0.58805     0
0.58815     0
0.58825     0
0.58835     0
0.58845     0
0.58855     0
0.58865     0
0.58875     0
0.58885     0
0.58895     0
0.58905     0
0.58915     0
0.58925     0
0.58935     0
0.58945     0
0.58955     0
0.58965     0
0.58975     0
0.58985     0
0.58995     0
0.59005     0
0.59015     0
0.59025     0
0.59035     0
0.59045     0
0.59055     0
0.59065     0
0.59075     0
0.59085     0
0.59095     0
0.59105     0
0.59115     0
0.59125     0
0.59135     0
0.59145     0
0.59155     0
0.59165     0
0.59175     0
0.59185     0
0.59195     0
0.59205     0
0.59215     0
0.59225     0
0.59235     0
0.59245     0
0.59255     0
0.59265     0
0.59275     0
0.59285     0
0.59295     0
0.59305     0
0.59315     0
0.59325     0
0.59335     0
0.59345     0
0.59355     0
0.59365     0
0.59375     0
0.59385     0
0.59395     0
0.59405     0
0.59415     0
0.59425     0
0.59435     0
0.59445     0
0.59455     0
0.59465     0
0.59475     0
0.59485     0
0.59495     0
0.59505     0
0.59515     0
0.59525     0
0.59535     0
0.59545     0
0.59555     0
0.59565     0
0.59575     0
0.59585     0
0.59595     0
0.59605     0
0.59615     0
0.59625     0
0.59635     0
0.59645     0
0.59655     0
0.59665     0
0.59675     0
0.59685     0
0.59695     0
0.59705     0
0.59715     0
0.59725     0
0.59735     0
0.59745     0
0.59755     0
0.59765     0
0.59775     0
0.59785     0
0.59795     0
0.59805     0
0.59815     0
0.59825     0
0.59835     0
0.59845     0
0.59855     0
0.59865     0
0.59875     0
0.59885     0
0.59895     0
0.59905     0
0.59915     0
0.59925     0
0.59935     0
0.59945     0
0.59955     0
0.59965     0
0.59975     0
0.59985     0
