-5e-05     0
5e-05     421
0.00015     371
0.00025     379
0.00035     390
0.00045     420
0.00055     395
0.00065     410
0.00075     421
0.00085     410
0.00095     412
0.00105     404
0.00115     394
0.00125     400
0.00135     390
0.00145     411
0.00155     404
0.00165     419
0.00175     411
0.00185     387
0.00195     396
0.00205     424
0.00215     401
0.00225     429
0.00235     409
0.00245     414
0.00255     395
0.00265     413
0.00275     412
0.00285     406
0.00295     408
0.00305     390
0.00315     393
0.00325     385
0.00335     399
0.00345     405
0.00355     336
0.00365     414
0.00375     441
0.00385     387
0.00395     434
0.00405     403
0.00415     427
0.00425     429
0.00435     374
0.00445     411
0.00455     408
0.00465     383
0.00475     387
0.00485     402
0.00495     406
0.00505     443
0.00515     403
0.00525     380
0.00535     427
0.00545     407
0.00555     378
0.00565     388
0.00575     430
0.00585     396
0.00595     404
0.00605     396
0.00615     405
0.00625     399
0.00635     409
0.00645     415
0.00655     401
0.00665     407
0.00675     455
0.00685     409
0.00695     396
0.00705     375
0.00715     417
0.00725     400
0.00735     379
0.00745     385
0.00755     396
0.00765     398
0.00775     409
0.00785     367
0.00795     435
0.00805     408
0.00815     395
0.00825     426
0.00835     424
0.00845     353
0.00855     414
0.00865     352
0.00875     392
0.00885     422
0.00895     384
0.00905     377
0.00915     417
0.00925     395
0.00935     369
0.00945     374
0.00955     406
0.00965     398
0.00975     397
0.00985     355
0.00995     410
0.01005     391
0.01015     396
0.01025     434
0.01035     412
0.01045     372
0.01055     394
0.01065     410
0.01075     391
0.01085     390
0.01095     400
0.01105     408
0.01115     380
0.01125     351
0.01135     381
0.01145     392
0.01155     403
0.01165     400
0.01175     410
0.01185     394
0.01195     356
0.01205     399
0.01215     404
0.01225     410
0.01235     398
0.01245     402
0.01255     360
0.01265     410
0.01275     410
0.01285     365
0.01295     373
0.01305     357
0.01315     380
0.01325     388
0.01335     383
0.01345     434
0.01355     390
0.01365     423
0.01375     415
0.01385     389
0.01395     399
0.01405     396
0.01415     432
0.01425     375
0.01435     408
0.01445     410
0.01455     379
0.01465     424
0.01475     390
0.01485     403
0.01495     348
0.01505     390
0.01515     418
0.01525     386
0.01535     408
0.01545     375
0.01555     366
0.01565     393
0.01575     414
0.01585     353
0.01595     416
0.01605     410
0.01615     358
0.01625     379
0.01635     367
0.01645     388
0.01655     418
0.01665     420
0.01675     396
0.01685     412
0.01695     416
0.01705     377
0.01715     376
0.01725     391
0.01735     407
0.01745     390
0.01755     405
0.01765     376
0.01775     377
0.01785     399
0.01795     388
0.01805     400
0.01815     404
0.01825     387
0.01835     415
0.01845     419
0.01855     371
0.01865     408
0.01875     372
0.01885     403
0.01895     390
0.01905     396
0.01915     411
0.01925     368
0.01935     366
0.01945     391
0.01955     399
0.01965     410
0.01975     404
0.01985     395
0.01995     417
0.02005     390
0.02015     414
0.02025     364
0.02035     384
0.02045     396
0.02055     446
0.02065     400
0.02075     391
0.02085     384
0.02095     389
0.02105     351
0.02115     395
0.02125     388
0.02135     378
0.02145     409
0.02155     399
0.02165     402
0.02175     399
0.02185     385
0.02195     396
0.02205     383
0.02215     410
0.02225     386
0.02235     402
0.02245     396
0.02255     357
0.02265     386
0.02275     386
0.02285     357
0.02295     381
0.02305     394
0.02315     425
0.02325     410
0.02335     393
0.02345     400
0.02355     385
0.02365     393
0.02375     413
0.02385     369
0.02395     373
0.02405     386
0.02415     375
0.02425     373
0.02435     398
0.02445     384
0.02455     395
0.02465     373
0.02475     354
0.02485     403
0.02495     354
0.02505     403
0.02515     376
0.02525     383
0.02535     412
0.02545     374
0.02555     407
0.02565     390
0.02575     367
0.02585     373
0.02595     415
0.02605     413
0.02615     388
0.02625     392
0.02635     383
0.02645     389
0.02655     410
0.02665     417
0.02675     374
0.02685     373
0.02695     393
0.02705     387
0.02715     418
0.02725     376
0.02735     382
0.02745     386
0.02755     389
0.02765     367
0.02775     409
0.02785     353
0.02795     387
0.02805     409
0.02815     404
0.02825     362
0.02835     378
0.02845     373
0.02855     379
0.02865     378
0.02875     365
0.02885     387
0.02895     382
0.02905     371
0.02915     374
0.02925     418
0.02935     393
0.02945     422
0.02955     386
0.02965     417
0.02975     375
0.02985     373
0.02995     371
0.03005     375
0.03015     377
0.03025     397
0.03035     388
0.03045     409
0.03055     378
0.03065     366
0.03075     426
0.03085     381
0.03095     429
0.03105     383
0.03115     357
0.03125     403
0.03135     393
0.03145     403
0.03155     391
0.03165     369
0.03175     388
0.03185     399
0.03195     399
0.03205     404
0.03215     395
0.03225     396
0.03235     364
0.03245     402
0.03255     387
0.03265     396
0.03275     401
0.03285     388
0.03295     398
0.03305     406
0.03315     389
0.03325     411
0.03335     398
0.03345     344
0.03355     382
0.03365     381
0.03375     391
0.03385     386
0.03395     359
0.03405     412
0.03415     402
0.03425     405
0.03435     377
0.03445     408
0.03455     403
0.03465     363
0.03475     345
0.03485     424
0.03495     387
0.03505     394
0.03515     374
0.03525     386
0.03535     386
0.03545     365
0.03555     362
0.03565     389
0.03575     404
0.03585     407
0.03595     370
0.03605     389
0.03615     369
0.03625     388
0.03635     409
0.03645     416
0.03655     365
0.03665     366
0.03675     380
0.03685     366
0.03695     428
0.03705     410
0.03715     381
0.03725     372
0.03735     386
0.03745     398
0.03755     411
0.03765     372
0.03775     387
0.03785     392
0.03795     367
0.03805     364
0.03815     399
0.03825     398
0.03835     382
0.03845     408
0.03855     391
0.03865     365
0.03875     391
0.03885     405
0.03895     373
0.03905     372
0.03915     412
0.03925     432
0.03935     390
0.03945     388
0.03955     383
0.03965     378
0.03975     372
0.03985     390
0.03995     379
0.04005     398
0.04015     340
0.04025     384
0.04035     416
0.04045     388
0.04055     372
0.04065     360
0.04075     384
0.04085     375
0.04095     386
0.04105     396
0.04115     340
0.04125     418
0.04135     406
0.04145     393
0.04155     394
0.04165     351
0.04175     377
0.04185     381
0.04195     383
0.04205     409
0.04215     361
0.04225     378
0.04235     382
0.04245     383
0.04255     403
0.04265     382
0.04275     399
0.04285     421
0.04295     394
0.04305     429
0.04315     351
0.04325     398
0.04335     384
0.04345     382
0.04355     398
0.04365     354
0.04375     350
0.04385     399
0.04395     336
0.04405     386
0.04415     381
0.04425     384
0.04435     385
0.04445     401
0.04455     373
0.04465     393
0.04475     373
0.04485     385
0.04495     396
0.04505     390
0.04515     390
0.04525     372
0.04535     347
0.04545     381
0.04555     361
0.04565     395
0.04575     357
0.04585     369
0.04595     381
0.04605     384
0.04615     378
0.04625     381
0.04635     331
0.04645     365
0.04655     371
0.04665     364
0.04675     398
0.04685     382
0.04695     358
0.04705     389
0.04715     408
0.04725     371
0.04735     389
0.04745     384
0.04755     399
0.04765     371
0.04775     371
0.04785     373
0.04795     371
0.04805     369
0.04815     376
0.04825     379
0.04835     381
0.04845     380
0.04855     379
0.04865     410
0.04875     415
0.04885     380
0.04895     388
0.04905     374
0.04915     349
0.04925     368
0.04935     408
0.04945     371
0.04955     401
0.04965     372
0.04975     364
0.04985     371
0.04995     375
0.05005     367
0.05015     358
0.05025     368
0.05035     392
0.05045     355
0.05055     403
0.05065     397
0.05075     382
0.05085     353
0.05095     383
0.05105     411
0.05115     365
0.05125     359
0.05135     361
0.05145     410
0.05155     355
0.05165     370
0.05175     378
0.05185     355
0.05195     346
0.05205     398
0.05215     378
0.05225     388
0.05235     385
0.05245     386
0.05255     379
0.05265     354
0.05275     392
0.05285     395
0.05295     352
0.05305     361
0.05315     416
0.05325     374
0.05335     358
0.05345     366
0.05355     366
0.05365     374
0.05375     349
0.05385     397
0.05395     392
0.05405     336
0.05415     385
0.05425     366
0.05435     380
0.05445     363
0.05455     383
0.05465     387
0.05475     373
0.05485     369
0.05495     358
0.05505     394
0.05515     391
0.05525     398
0.05535     374
0.05545     370
0.05555     378
0.05565     350
0.05575     395
0.05585     372
0.05595     366
0.05605     376
0.05615     423
0.05625     402
0.05635     388
0.05645     389
0.05655     384
0.05665     370
0.05675     393
0.05685     354
0.05695     397
0.05705     368
0.05715     378
0.05725     376
0.05735     386
0.05745     393
0.05755     362
0.05765     338
0.05775     345
0.05785     355
0.05795     375
0.05805     364
0.05815     352
0.05825     374
0.05835     354
0.05845     388
0.05855     355
0.05865     358
0.05875     383
0.05885     417
0.05895     377
0.05905     374
0.05915     389
0.05925     403
0.05935     382
0.05945     402
0.05955     367
0.05965     379
0.05975     385
0.05985     416
0.05995     324
0.06005     401
0.06015     394
0.06025     395
0.06035     369
0.06045     364
0.06055     364
0.06065     361
0.06075     383
0.06085     351
0.06095     361
0.06105     414
0.06115     372
0.06125     384
0.06135     375
0.06145     378
0.06155     387
0.06165     409
0.06175     374
0.06185     374
0.06195     388
0.06205     394
0.06215     376
0.06225     375
0.06235     405
0.06245     352
0.06255     386
0.06265     378
0.06275     400
0.06285     384
0.06295     386
0.06305     366
0.06315     384
0.06325     392
0.06335     350
0.06345     391
0.06355     373
0.06365     339
0.06375     372
0.06385     415
0.06395     357
0.06405     371
0.06415     373
0.06425     350
0.06435     409
0.06445     388
0.06455     392
0.06465     377
0.06475     333
0.06485     386
0.06495     378
0.06505     327
0.06515     385
0.06525     364
0.06535     368
0.06545     361
0.06555     336
0.06565     424
0.06575     371
0.06585     368
0.06595     380
0.06605     362
0.06615     398
0.06625     392
0.06635     362
0.06645     360
0.06655     364
0.06665     351
0.06675     387
0.06685     368
0.06695     403
0.06705     391
0.06715     398
0.06725     383
0.06735     326
0.06745     375
0.06755     392
0.06765     392
0.06775     395
0.06785     407
0.06795     404
0.06805     385
0.06815     368
0.06825     341
0.06835     369
0.06845     390
0.06855     387
0.06865     382
0.06875     395
0.06885     363
0.06895     349
0.06905     336
0.06915     385
0.06925     351
0.06935     334
0.06945     368
0.06955     385
0.06965     399
0.06975     387
0.06985     413
0.06995     396
0.07005     350
0.07015     428
0.07025     318
0.07035     386
0.07045     362
0.07055     368
0.07065     354
0.07075     331
0.07085     376
0.07095     394
0.07105     373
0.07115     373
0.07125     374
0.07135     382
0.07145     381
0.07155     385
0.07165     357
0.07175     340
0.07185     407
0.07195     352
0.07205     383
0.07215     374
0.07225     369
0.07235     384
0.07245     395
0.07255     354
0.07265     360
0.07275     387
0.07285     377
0.07295     372
0.07305     347
0.07315     370
0.07325     345
0.07335     398
0.07345     388
0.07355     393
0.07365     396
0.07375     369
0.07385     350
0.07395     390
0.07405     348
0.07415     383
0.07425     375
0.07435     391
0.07445     349
0.07455     364
0.07465     323
0.07475     392
0.07485     402
0.07495     387
0.07505     388
0.07515     352
0.07525     378
0.07535     359
0.07545     358
0.07555     374
0.07565     360
0.07575     398
0.07585     358
0.07595     370
0.07605     327
0.07615     379
0.07625     351
0.07635     325
0.07645     433
0.07655     352
0.07665     386
0.07675     356
0.07685     358
0.07695     347
0.07705     360
0.07715     401
0.07725     427
0.07735     345
0.07745     353
0.07755     376
0.07765     380
0.07775     406
0.07785     367
0.07795     325
0.07805     338
0.07815     389
0.07825     333
0.07835     371
0.07845     377
0.07855     352
0.07865     369
0.07875     383
0.07885     396
0.07895     391
0.07905     351
0.07915     381
0.07925     369
0.07935     359
0.07945     341
0.07955     372
0.07965     351
0.07975     359
0.07985     387
0.07995     398
0.08005     325
0.08015     386
0.08025     362
0.08035     366
0.08045     349
0.08055     376
0.08065     349
0.08075     373
0.08085     345
0.08095     356
0.08105     409
0.08115     369
0.08125     341
0.08135     388
0.08145     324
0.08155     373
0.08165     385
0.08175     385
0.08185     343
0.08195     368
0.08205     357
0.08215     369
0.08225     364
0.08235     339
0.08245     352
0.08255     375
0.08265     355
0.08275     375
0.08285     362
0.08295     340
0.08305     382
0.08315     357
0.08325     388
0.08335     406
0.08345     354
0.08355     335
0.08365     357
0.08375     356
0.08385     366
0.08395     348
0.08405     366
0.08415     346
0.08425     319
0.08435     396
0.08445     335
0.08455     345
0.08465     348
0.08475     363
0.08485     357
0.08495     362
0.08505     339
0.08515     399
0.08525     365
0.08535     353
0.08545     364
0.08555     369
0.08565     341
0.08575     364
0.08585     342
0.08595     352
0.08605     347
0.08615     376
0.08625     358
0.08635     361
0.08645     363
0.08655     405
0.08665     337
0.08675     337
0.08685     335
0.08695     349
0.08705     326
0.08715     345
0.08725     379
0.08735     387
0.08745     354
0.08755     376
0.08765     339
0.08775     355
0.08785     326
0.08795     346
0.08805     308
0.08815     311
0.08825     361
0.08835     371
0.08845     381
0.08855     360
0.08865     358
0.08875     347
0.08885     370
0.08895     378
0.08905     393
0.08915     365
0.08925     373
0.08935     364
0.08945     371
0.08955     342
0.08965     395
0.08975     340
0.08985     358
0.08995     354
0.09005     341
0.09015     390
0.09025     389
0.09035     363
0.09045     359
0.09055     363
0.09065     330
0.09075     349
0.09085     367
0.09095     396
0.09105     342
0.09115     362
0.09125     385
0.09135     346
0.09145     353
0.09155     329
0.09165     362
0.09175     336
0.09185     393
0.09195     379
0.09205     385
0.09215     352
0.09225     340
0.09235     362
0.09245     361
0.09255     362
0.09265     346
0.09275     403
0.09285     371
0.09295     403
0.09305     394
0.09315     356
0.09325     359
0.09335     345
0.09345     317
0.09355     338
0.09365     328
0.09375     329
0.09385     349
0.09395     340
0.09405     337
0.09415     332
0.09425     349
0.09435     313
0.09445     323
0.09455     356
0.09465     346
0.09475     366
0.09485     351
0.09495     364
0.09505     353
0.09515     334
0.09525     342
0.09535     413
0.09545     333
0.09555     360
0.09565     354
0.09575     373
0.09585     373
0.09595     332
0.09605     326
0.09615     334
0.09625     343
0.09635     351
0.09645     328
0.09655     337
0.09665     370
0.09675     384
0.09685     353
0.09695     381
0.09705     378
0.09715     409
0.09725     363
0.09735     389
0.09745     346
0.09755     347
0.09765     393
0.09775     369
0.09785     359
0.09795     354
0.09805     357
0.09815     369
0.09825     358
0.09835     353
0.09845     351
0.09855     371
0.09865     341
0.09875     350
0.09885     339
0.09895     356
0.09905     343
0.09915     361
0.09925     307
0.09935     353
0.09945     338
0.09955     344
0.09965     368
0.09975     320
0.09985     338
0.09995     319
0.10005     344
0.10015     340
0.10025     377
0.10035     340
0.10045     358
0.10055     366
0.10065     371
0.10075     348
0.10085     334
0.10095     366
0.10105     355
0.10115     375
0.10125     345
0.10135     335
0.10145     384
0.10155     358
0.10165     332
0.10175     358
0.10185     339
0.10195     360
0.10205     351
0.10215     337
0.10225     353
0.10235     324
0.10245     339
0.10255     337
0.10265     368
0.10275     328
0.10285     316
0.10295     328
0.10305     350
0.10315     372
0.10325     382
0.10335     337
0.10345     329
0.10355     342
0.10365     348
0.10375     372
0.10385     365
0.10395     353
0.10405     318
0.10415     351
0.10425     334
0.10435     341
0.10445     337
0.10455     351
0.10465     336
0.10475     327
0.10485     372
0.10495     341
0.10505     347
0.10515     339
0.10525     385
0.10535     351
0.10545     361
0.10555     368
0.10565     339
0.10575     356
0.10585     341
0.10595     325
0.10605     344
0.10615     333
0.10625     369
0.10635     370
0.10645     370
0.10655     361
0.10665     331
0.10675     342
0.10685     321
0.10695     384
0.10705     357
0.10715     335
0.10725     345
0.10735     321
0.10745     347
0.10755     371
0.10765     357
0.10775     356
0.10785     337
0.10795     343
0.10805     337
0.10815     357
0.10825     349
0.10835     331
0.10845     341
0.10855     344
0.10865     344
0.10875     347
0.10885     352
0.10895     334
0.10905     336
0.10915     355
0.10925     336
0.10935     324
0.10945     361
0.10955     331
0.10965     329
0.10975     319
0.10985     352
0.10995     340
0.11005     363
0.11015     334
0.11025     349
0.11035     426
0.11045     322
0.11055     363
0.11065     332
0.11075     385
0.11085     331
0.11095     365
0.11105     328
0.11115     335
0.11125     352
0.11135     337
0.11145     323
0.11155     309
0.11165     335
0.11175     338
0.11185     356
0.11195     331
0.11205     391
0.11215     359
0.11225     371
0.11235     323
0.11245     344
0.11255     326
0.11265     359
0.11275     337
0.11285     344
0.11295     348
0.11305     300
0.11315     325
0.11325     324
0.11335     362
0.11345     352
0.11355     315
0.11365     339
0.11375     357
0.11385     356
0.11395     322
0.11405     339
0.11415     345
0.11425     336
0.11435     336
0.11445     299
0.11455     356
0.11465     315
0.11475     331
0.11485     346
0.11495     339
0.11505     339
0.11515     369
0.11525     340
0.11535     317
0.11545     326
0.11555     339
0.11565     328
0.11575     349
0.11585     338
0.11595     323
0.11605     328
0.11615     325
0.11625     341
0.11635     343
0.11645     321
0.11655     364
0.11665     349
0.11675     319
0.11685     325
0.11695     314
0.11705     329
0.11715     337
0.11725     313
0.11735     343
0.11745     350
0.11755     351
0.11765     327
0.11775     344
0.11785     327
0.11795     331
0.11805     353
0.11815     304
0.11825     364
0.11835     343
0.11845     331
0.11855     310
0.11865     349
0.11875     352
0.11885     333
0.11895     346
0.11905     380
0.11915     321
0.11925     310
0.11935     361
0.11945     350
0.11955     323
0.11965     337
0.11975     353
0.11985     362
0.11995     337
0.12005     357
0.12015     349
0.12025     325
0.12035     354
0.12045     376
0.12055     335
0.12065     320
0.12075     330
0.12085     359
0.12095     308
0.12105     315
0.12115     338
0.12125     292
0.12135     304
0.12145     357
0.12155     357
0.12165     340
0.12175     318
0.12185     329
0.12195     363
0.12205     319
0.12215     377
0.12225     338
0.12235     362
0.12245     347
0.12255     356
0.12265     384
0.12275     326
0.12285     350
0.12295     319
0.12305     326
0.12315     352
0.12325     328
0.12335     335
0.12345     359
0.12355     324
0.12365     336
0.12375     361
0.12385     319
0.12395     360
0.12405     312
0.12415     339
0.12425     365
0.12435     368
0.12445     361
0.12455     354
0.12465     337
0.12475     342
0.12485     358
0.12495     349
0.12505     308
0.12515     312
0.12525     345
0.12535     344
0.12545     316
0.12555     345
0.12565     361
0.12575     341
0.12585     330
0.12595     340
0.12605     305
0.12615     355
0.12625     315
0.12635     331
0.12645     333
0.12655     332
0.12665     345
0.12675     346
0.12685     334
0.12695     293
0.12705     329
0.12715     346
0.12725     321
0.12735     331
0.12745     328
0.12755     314
0.12765     332
0.12775     312
0.12785     357
0.12795     327
0.12805     348
0.12815     333
0.12825     333
0.12835     336
0.12845     310
0.12855     300
0.12865     305
0.12875     304
0.12885     357
0.12895     280
0.12905     310
0.12915     320
0.12925     348
0.12935     348
0.12945     297
0.12955     331
0.12965     320
0.12975     318
0.12985     349
0.12995     304
0.13005     322
0.13015     324
0.13025     292
0.13035     344
0.13045     323
0.13055     334
0.13065     339
0.13075     322
0.13085     341
0.13095     337
0.13105     329
0.13115     343
0.13125     318
0.13135     299
0.13145     308
0.13155     327
0.13165     366
0.13175     322
0.13185     330
0.13195     357
0.13205     328
0.13215     375
0.13225     340
0.13235     310
0.13245     311
0.13255     326
0.13265     356
0.13275     328
0.13285     328
0.13295     325
0.13305     308
0.13315     351
0.13325     295
0.13335     334
0.13345     345
0.13355     339
0.13365     363
0.13375     339
0.13385     329
0.13395     356
0.13405     367
0.13415     317
0.13425     313
0.13435     328
0.13445     347
0.13455     328
0.13465     318
0.13475     304
0.13485     329
0.13495     328
0.13505     326
0.13515     306
0.13525     332
0.13535     318
0.13545     339
0.13555     304
0.13565     313
0.13575     297
0.13585     326
0.13595     370
0.13605     330
0.13615     289
0.13625     304
0.13635     303
0.13645     334
0.13655     349
0.13665     320
0.13675     322
0.13685     325
0.13695     313
0.13705     350
0.13715     339
0.13725     313
0.13735     317
0.13745     347
0.13755     314
0.13765     336
0.13775     330
0.13785     319
0.13795     301
0.13805     336
0.13815     320
0.13825     319
0.13835     314
0.13845     317
0.13855     310
0.13865     317
0.13875     350
0.13885     338
0.13895     359
0.13905     312
0.13915     285
0.13925     324
0.13935     300
0.13945     329
0.13955     291
0.13965     316
0.13975     308
0.13985     302
0.13995     318
0.14005     326
0.14015     329
0.14025     330
0.14035     303
0.14045     315
0.14055     309
0.14065     309
0.14075     306
0.14085     349
0.14095     310
0.14105     329
0.14115     285
0.14125     281
0.14135     336
0.14145     333
0.14155     331
0.14165     322
0.14175     301
0.14185     337
0.14195     312
0.14205     320
0.14215     318
0.14225     290
0.14235     315
0.14245     321
0.14255     315
0.14265     318
0.14275     302
0.14285     301
0.14295     315
0.14305     291
0.14315     348
0.14325     288
0.14335     306
0.14345     300
0.14355     308
0.14365     326
0.14375     332
0.14385     305
0.14395     322
0.14405     304
0.14415     307
0.14425     308
0.14435     291
0.14445     280
0.14455     330
0.14465     301
0.14475     336
0.14485     317
0.14495     298
0.14505     338
0.14515     322
0.14525     285
0.14535     320
0.14545     318
0.14555     333
0.14565     302
0.14575     322
0.14585     337
0.14595     330
0.14605     335
0.14615     353
0.14625     333
0.14635     322
0.14645     279
0.14655     326
0.14665     333
0.14675     301
0.14685     342
0.14695     310
0.14705     305
0.14715     312
0.14725     296
0.14735     289
0.14745     319
0.14755     299
0.14765     340
0.14775     295
0.14785     338
0.14795     331
0.14805     316
0.14815     349
0.14825     302
0.14835     335
0.14845     283
0.14855     315
0.14865     331
0.14875     302
0.14885     330
0.14895     316
0.14905     310
0.14915     314
0.14925     311
0.14935     346
0.14945     304
0.14955     327
0.14965     298
0.14975     312
0.14985     322
0.14995     310
0.15005     281
0.15015     273
0.15025     302
0.15035     280
0.15045     311
0.15055     298
0.15065     317
0.15075     314
0.15085     335
0.15095     310
0.15105     335
0.15115     292
0.15125     288
0.15135     312
0.15145     299
0.15155     296
0.15165     314
0.15175     314
0.15185     345
0.15195     304
0.15205     293
0.15215     334
0.15225     324
0.15235     307
0.15245     293
0.15255     286
0.15265     294
0.15275     312
0.15285     283
0.15295     284
0.15305     295
0.15315     358
0.15325     317
0.15335     296
0.15345     314
0.15355     295
0.15365     297
0.15375     275
0.15385     324
0.15395     286
0.15405     330
0.15415     299
0.15425     300
0.15435     314
0.15445     358
0.15455     329
0.15465     314
0.15475     292
0.15485     281
0.15495     287
0.15505     306
0.15515     318
0.15525     312
0.15535     296
0.15545     295
0.15555     306
0.15565     296
0.15575     275
0.15585     314
0.15595     297
0.15605     277
0.15615     312
0.15625     296
0.15635     276
0.15645     294
0.15655     290
0.15665     324
0.15675     298
0.15685     310
0.15695     279
0.15705     329
0.15715     311
0.15725     276
0.15735     301
0.15745     311
0.15755     313
0.15765     305
0.15775     292
0.15785     320
0.15795     319
0.15805     274
0.15815     347
0.15825     303
0.15835     293
0.15845     320
0.15855     327
0.15865     325
0.15875     310
0.15885     293
0.15895     309
0.15905     301
0.15915     323
0.15925     295
0.15935     317
0.15945     283
0.15955     303
0.15965     287
0.15975     326
0.15985     302
0.15995     276
0.16005     311
0.16015     307
0.16025     290
0.16035     333
0.16045     317
0.16055     303
0.16065     282
0.16075     276
0.16085     280
0.16095     260
0.16105     292
0.16115     306
0.16125     312
0.16135     306
0.16145     325
0.16155     278
0.16165     300
0.16175     304
0.16185     315
0.16195     288
0.16205     284
0.16215     315
0.16225     293
0.16235     305
0.16245     315
0.16255     295
0.16265     322
0.16275     281
0.16285     287
0.16295     283
0.16305     279
0.16315     282
0.16325     308
0.16335     315
0.16345     301
0.16355     300
0.16365     292
0.16375     316
0.16385     315
0.16395     294
0.16405     341
0.16415     292
0.16425     302
0.16435     305
0.16445     292
0.16455     290
0.16465     291
0.16475     315
0.16485     297
0.16495     294
0.16505     310
0.16515     290
0.16525     292
0.16535     307
0.16545     275
0.16555     312
0.16565     281
0.16575     299
0.16585     304
0.16595     299
0.16605     319
0.16615     333
0.16625     288
0.16635     310
0.16645     286
0.16655     296
0.16665     329
0.16675     277
0.16685     279
0.16695     282
0.16705     273
0.16715     297
0.16725     321
0.16735     319
0.16745     301
0.16755     296
0.16765     301
0.16775     305
0.16785     319
0.16795     259
0.16805     292
0.16815     313
0.16825     311
0.16835     293
0.16845     312
0.16855     304
0.16865     302
0.16875     275
0.16885     292
0.16895     293
0.16905     309
0.16915     271
0.16925     263
0.16935     260
0.16945     262
0.16955     317
0.16965     314
0.16975     288
0.16985     323
0.16995     293
0.17005     291
0.17015     264
0.17025     285
0.17035     280
0.17045     300
0.17055     290
0.17065     306
0.17075     294
0.17085     292
0.17095     272
0.17105     300
0.17115     305
0.17125     273
0.17135     291
0.17145     281
0.17155     313
0.17165     288
0.17175     297
0.17185     278
0.17195     270
0.17205     267
0.17215     282
0.17225     282
0.17235     308
0.17245     267
0.17255     282
0.17265     278
0.17275     278
0.17285     265
0.17295     293
0.17305     284
0.17315     315
0.17325     290
0.17335     313
0.17345     310
0.17355     295
0.17365     300
0.17375     304
0.17385     291
0.17395     304
0.17405     299
0.17415     273
0.17425     255
0.17435     262
0.17445     280
0.17455     310
0.17465     290
0.17475     281
0.17485     291
0.17495     295
0.17505     271
0.17515     296
0.17525     264
0.17535     278
0.17545     295
0.17555     307
0.17565     294
0.17575     262
0.17585     274
0.17595     264
0.17605     265
0.17615     254
0.17625     252
0.17635     278
0.17645     292
0.17655     276
0.17665     283
0.17675     290
0.17685     259
0.17695     282
0.17705     289
0.17715     289
0.17725     268
0.17735     253
0.17745     263
0.17755     271
0.17765     273
0.17775     288
0.17785     262
0.17795     294
0.17805     286
0.17815     274
0.17825     311
0.17835     277
0.17845     282
0.17855     308
0.17865     265
0.17875     243
0.17885     290
0.17895     307
0.17905     275
0.17915     291
0.17925     296
0.17935     294
0.17945     300
0.17955     259
0.17965     326
0.17975     267
0.17985     283
0.17995     282
0.18005     283
0.18015     293
0.18025     279
0.18035     269
0.18045     280
0.18055     289
0.18065     290
0.18075     315
0.18085     264
0.18095     300
0.18105     284
0.18115     289
0.18125     307
0.18135     305
0.18145     291
0.18155     283
0.18165     282
0.18175     278
0.18185     270
0.18195     303
0.18205     302
0.18215     260
0.18225     271
0.18235     282
0.18245     249
0.18255     293
0.18265     285
0.18275     278
0.18285     285
0.18295     292
0.18305     311
0.18315     255
0.18325     249
0.18335     273
0.18345     295
0.18355     272
0.18365     282
0.18375     292
0.18385     305
0.18395     252
0.18405     274
0.18415     267
0.18425     236
0.18435     278
0.18445     243
0.18455     295
0.18465     278
0.18475     268
0.18485     281
0.18495     311
0.18505     296
0.18515     289
0.18525     302
0.18535     267
0.18545     272
0.18555     262
0.18565     262
0.18575     275
0.18585     274
0.18595     267
0.18605     279
0.18615     256
0.18625     284
0.18635     282
0.18645     317
0.18655     293
0.18665     262
0.18675     285
0.18685     258
0.18695     270
0.18705     303
0.18715     288
0.18725     271
0.18735     292
0.18745     253
0.18755     257
0.18765     272
0.18775     303
0.18785     256
0.18795     269
0.18805     260
0.18815     281
0.18825     265
0.18835     265
0.18845     257
0.18855     264
0.18865     278
0.18875     276
0.18885     297
0.18895     246
0.18905     283
0.18915     270
0.18925     292
0.18935     248
0.18945     262
0.18955     241
0.18965     260
0.18975     261
0.18985     316
0.18995     284
0.19005     273
0.19015     283
0.19025     293
0.19035     273
0.19045     277
0.19055     262
0.19065     287
0.19075     283
0.19085     281
0.19095     262
0.19105     263
0.19115     283
0.19125     278
0.19135     254
0.19145     282
0.19155     288
0.19165     292
0.19175     263
0.19185     267
0.19195     256
0.19205     298
0.19215     231
0.19225     251
0.19235     276
0.19245     271
0.19255     272
0.19265     282
0.19275     282
0.19285     269
0.19295     250
0.19305     253
0.19315     278
0.19325     262
0.19335     271
0.19345     280
0.19355     291
0.19365     262
0.19375     272
0.19385     297
0.19395     278
0.19405     281
0.19415     286
0.19425     263
0.19435     257
0.19445     277
0.19455     268
0.19465     274
0.19475     297
0.19485     282
0.19495     284
0.19505     256
0.19515     263
0.19525     274
0.19535     257
0.19545     281
0.19555     270
0.19565     260
0.19575     254
0.19585     254
0.19595     281
0.19605     248
0.19615     277
0.19625     258
0.19635     248
0.19645     267
0.19655     254
0.19665     262
0.19675     268
0.19685     267
0.19695     272
0.19705     261
0.19715     248
0.19725     250
0.19735     248
0.19745     234
0.19755     257
0.19765     270
0.19775     257
0.19785     258
0.19795     254
0.19805     239
0.19815     256
0.19825     264
0.19835     263
0.19845     274
0.19855     244
0.19865     271
0.19875     257
0.19885     254
0.19895     270
0.19905     274
0.19915     270
0.19925     262
0.19935     251
0.19945     255
0.19955     241
0.19965     258
0.19975     261
0.19985     244
0.19995     307
0.20005     240
0.20015     292
0.20025     245
0.20035     253
0.20045     290
0.20055     281
0.20065     264
0.20075     248
0.20085     269
0.20095     234
0.20105     272
0.20115     252
0.20125     280
0.20135     253
0.20145     256
0.20155     234
0.20165     230
0.20175     261
0.20185     250
0.20195     237
0.20205     267
0.20215     276
0.20225     274
0.20235     265
0.20245     268
0.20255     260
0.20265     260
0.20275     279
0.20285     267
0.20295     251
0.20305     232
0.20315     241
0.20325     247
0.20335     235
0.20345     253
0.20355     262
0.20365     258
0.20375     264
0.20385     273
0.20395     221
0.20405     225
0.20415     273
0.20425     276
0.20435     222
0.20445     261
0.20455     266
0.20465     223
0.20475     277
0.20485     253
0.20495     250
0.20505     242
0.20515     267
0.20525     240
0.20535     249
0.20545     275
0.20555     255
0.20565     258
0.20575     263
0.20585     270
0.20595     297
0.20605     267
0.20615     268
0.20625     260
0.20635     264
0.20645     262
0.20655     272
0.20665     239
0.20675     243
0.20685     266
0.20695     261
0.20705     261
0.20715     258
0.20725     267
0.20735     251
0.20745     283
0.20755     273
0.20765     248
0.20775     216
0.20785     238
0.20795     236
0.20805     255
0.20815     255
0.20825     260
0.20835     255
0.20845     239
0.20855     241
0.20865     245
0.20875     224
0.20885     274
0.20895     254
0.20905     224
0.20915     247
0.20925     264
0.20935     237
0.20945     230
0.20955     257
0.20965     234
0.20975     248
0.20985     253
0.20995     272
0.21005     231
0.21015     263
0.21025     244
0.21035     272
0.21045     226
0.21055     246
0.21065     249
0.21075     247
0.21085     244
0.21095     244
0.21105     248
0.21115     232
0.21125     250
0.21135     257
0.21145     268
0.21155     219
0.21165     270
0.21175     253
0.21185     258
0.21195     259
0.21205     252
0.21215     246
0.21225     224
0.21235     236
0.21245     235
0.21255     263
0.21265     221
0.21275     255
0.21285     268
0.21295     227
0.21305     235
0.21315     246
0.21325     274
0.21335     237
0.21345     253
0.21355     256
0.21365     253
0.21375     254
0.21385     226
0.21395     266
0.21405     253
0.21415     232
0.21425     249
0.21435     254
0.21445     257
0.21455     240
0.21465     257
0.21475     256
0.21485     246
0.21495     244
0.21505     249
0.21515     258
0.21525     243
0.21535     237
0.21545     243
0.21555     235
0.21565     249
0.21575     218
0.21585     230
0.21595     262
0.21605     235
0.21615     216
0.21625     232
0.21635     256
0.21645     209
0.21655     251
0.21665     245
0.21675     242
0.21685     250
0.21695     250
0.21705     242
0.21715     232
0.21725     235
0.21735     258
0.21745     241
0.21755     224
0.21765     246
0.21775     247
0.21785     251
0.21795     247
0.21805     250
0.21815     234
0.21825     209
0.21835     229
0.21845     278
0.21855     241
0.21865     244
0.21875     254
0.21885     258
0.21895     254
0.21905     258
0.21915     237
0.21925     253
0.21935     248
0.21945     232
0.21955     214
0.21965     265
0.21975     223
0.21985     212
0.21995     227
0.22005     240
0.22015     262
0.22025     227
0.22035     224
0.22045     251
0.22055     242
0.22065     253
0.22075     265
0.22085     265
0.22095     225
0.22105     246
0.22115     261
0.22125     232
0.22135     223
0.22145     247
0.22155     219
0.22165     231
0.22175     236
0.22185     221
0.22195     239
0.22205     206
0.22215     235
0.22225     250
0.22235     245
0.22245     233
0.22255     258
0.22265     242
0.22275     259
0.22285     216
0.22295     230
0.22305     244
0.22315     246
0.22325     224
0.22335     233
0.22345     262
0.22355     259
0.22365     266
0.22375     230
0.22385     238
0.22395     212
0.22405     242
0.22415     225
0.22425     234
0.22435     225
0.22445     218
0.22455     235
0.22465     240
0.22475     247
0.22485     245
0.22495     234
0.22505     199
0.22515     250
0.22525     199
0.22535     233
0.22545     240
0.22555     245
0.22565     243
0.22575     234
0.22585     222
0.22595     211
0.22605     250
0.22615     233
0.22625     237
0.22635     216
0.22645     222
0.22655     216
0.22665     220
0.22675     215
0.22685     266
0.22695     217
0.22705     235
0.22715     224
0.22725     246
0.22735     222
0.22745     228
0.22755     217
0.22765     215
0.22775     231
0.22785     224
0.22795     204
0.22805     227
0.22815     219
0.22825     236
0.22835     243
0.22845     205
0.22855     239
0.22865     252
0.22875     222
0.22885     238
0.22895     239
0.22905     236
0.22915     202
0.22925     262
0.22935     221
0.22945     201
0.22955     244
0.22965     229
0.22975     230
0.22985     244
0.22995     185
0.23005     231
0.23015     204
0.23025     218
0.23035     213
0.23045     219
0.23055     235
0.23065     205
0.23075     248
0.23085     236
0.23095     236
0.23105     255
0.23115     233
0.23125     218
0.23135     239
0.23145     211
0.23155     216
0.23165     253
0.23175     258
0.23185     228
0.23195     227
0.23205     233
0.23215     237
0.23225     226
0.23235     209
0.23245     227
0.23255     242
0.23265     247
0.23275     223
0.23285     227
0.23295     237
0.23305     213
0.23315     253
0.23325     200
0.23335     212
0.23345     229
0.23355     230
0.23365     231
0.23375     220
0.23385     214
0.23395     217
0.23405     242
0.23415     234
0.23425     220
0.23435     265
0.23445     224
0.23455     215
0.23465     214
0.23475     204
0.23485     208
0.23495     231
0.23505     209
0.23515     218
0.23525     227
0.23535     265
0.23545     232
0.23555     216
0.23565     220
0.23575     220
0.23585     222
0.23595     230
0.23605     247
0.23615     209
0.23625     227
0.23635     210
0.23645     217
0.23655     235
0.23665     239
0.23675     246
0.23685     205
0.23695     191
0.23705     214
0.23715     228
0.23725     217
0.23735     209
0.23745     209
0.23755     225
0.23765     214
0.23775     225
0.23785     225
0.23795     232
0.23805     206
0.23815     206
0.23825     216
0.23835     222
0.23845     249
0.23855     220
0.23865     210
0.23875     205
0.23885     244
0.23895     205
0.23905     203
0.23915     203
0.23925     196
0.23935     215
0.23945     229
0.23955     211
0.23965     222
0.23975     225
0.23985     220
0.23995     212
0.24005     209
0.24015     241
0.24025     231
0.24035     216
0.24045     215
0.24055     216
0.24065     203
0.24075     202
0.24085     213
0.24095     191
0.24105     244
0.24115     208
0.24125     194
0.24135     250
0.24145     212
0.24155     196
0.24165     211
0.24175     205
0.24185     230
0.24195     194
0.24205     199
0.24215     223
0.24225     231
0.24235     210
0.24245     230
0.24255     178
0.24265     228
0.24275     206
0.24285     235
0.24295     218
0.24305     218
0.24315     197
0.24325     219
0.24335     223
0.24345     200
0.24355     210
0.24365     208
0.24375     193
0.24385     201
0.24395     206
0.24405     229
0.24415     201
0.24425     219
0.24435     216
0.24445     220
0.24455     216
0.24465     208
0.24475     228
0.24485     218
0.24495     217
0.24505     228
0.24515     227
0.24525     241
0.24535     231
0.24545     205
0.24555     194
0.24565     189
0.24575     219
0.24585     194
0.24595     207
0.24605     212
0.24615     189
0.24625     204
0.24635     246
0.24645     215
0.24655     204
0.24665     206
0.24675     233
0.24685     209
0.24695     187
0.24705     217
0.24715     228
0.24725     207
0.24735     194
0.24745     199
0.24755     220
0.24765     197
0.24775     192
0.24785     209
0.24795     210
0.24805     217
0.24815     200
0.24825     185
0.24835     177
0.24845     216
0.24855     225
0.24865     208
0.24875     188
0.24885     186
0.24895     229
0.24905     216
0.24915     204
0.24925     194
0.24935     214
0.24945     193
0.24955     192
0.24965     210
0.24975     200
0.24985     202
0.24995     202
0.25005     193
0.25015     228
0.25025     200
0.25035     207
0.25045     213
0.25055     189
0.25065     229
0.25075     193
0.25085     205
0.25095     202
0.25105     185
0.25115     219
0.25125     204
0.25135     198
0.25145     212
0.25155     210
0.25165     221
0.25175     218
0.25185     187
0.25195     202
0.25205     185
0.25215     209
0.25225     198
0.25235     215
0.25245     214
0.25255     204
0.25265     217
0.25275     203
0.25285     202
0.25295     184
0.25305     191
0.25315     195
0.25325     199
0.25335     206
0.25345     171
0.25355     201
0.25365     200
0.25375     206
0.25385     229
0.25395     192
0.25405     215
0.25415     215
0.25425     208
0.25435     202
0.25445     204
0.25455     209
0.25465     219
0.25475     196
0.25485     213
0.25495     188
0.25505     181
0.25515     228
0.25525     196
0.25535     197
0.25545     202
0.25555     193
0.25565     205
0.25575     203
0.25585     200
0.25595     207
0.25605     183
0.25615     199
0.25625     203
0.25635     199
0.25645     195
0.25655     191
0.25665     194
0.25675     192
0.25685     214
0.25695     199
0.25705     180
0.25715     197
0.25725     188
0.25735     192
0.25745     188
0.25755     221
0.25765     190
0.25775     203
0.25785     185
0.25795     214
0.25805     204
0.25815     200
0.25825     184
0.25835     179
0.25845     202
0.25855     199
0.25865     197
0.25875     203
0.25885     172
0.25895     188
0.25905     201
0.25915     212
0.25925     207
0.25935     198
0.25945     199
0.25955     180
0.25965     191
0.25975     199
0.25985     201
0.25995     195
0.26005     166
0.26015     199
0.26025     191
0.26035     208
0.26045     198
0.26055     210
0.26065     195
0.26075     206
0.26085     195
0.26095     193
0.26105     203
0.26115     178
0.26125     196
0.26135     161
0.26145     194
0.26155     173
0.26165     155
0.26175     196
0.26185     201
0.26195     212
0.26205     213
0.26215     186
0.26225     184
0.26235     230
0.26245     197
0.26255     211
0.26265     177
0.26275     180
0.26285     198
0.26295     192
0.26305     192
0.26315     172
0.26325     181
0.26335     192
0.26345     184
0.26355     195
0.26365     186
0.26375     196
0.26385     171
0.26395     194
0.26405     196
0.26415     204
0.26425     197
0.26435     179
0.26445     205
0.26455     187
0.26465     161
0.26475     201
0.26485     184
0.26495     188
0.26505     184
0.26515     170
0.26525     188
0.26535     178
0.26545     179
0.26555     191
0.26565     188
0.26575     185
0.26585     182
0.26595     189
0.26605     190
0.26615     202
0.26625     207
0.26635     173
0.26645     187
0.26655     156
0.26665     186
0.26675     173
0.26685     200
0.26695     194
0.26705     179
0.26715     177
0.26725     181
0.26735     167
0.26745     176
0.26755     180
0.26765     188
0.26775     178
0.26785     192
0.26795     169
0.26805     171
0.26815     195
0.26825     170
0.26835     182
0.26845     183
0.26855     186
0.26865     187
0.26875     178
0.26885     174
0.26895     169
0.26905     182
0.26915     180
0.26925     185
0.26935     186
0.26945     180
0.26955     164
0.26965     196
0.26975     184
0.26985     191
0.26995     186
0.27005     185
0.27015     181
0.27025     178
0.27035     185
0.27045     194
0.27055     190
0.27065     171
0.27075     180
0.27085     166
0.27095     181
0.27105     174
0.27115     170
0.27125     179
0.27135     156
0.27145     171
0.27155     170
0.27165     182
0.27175     183
0.27185     190
0.27195     172
0.27205     185
0.27215     176
0.27225     172
0.27235     176
0.27245     164
0.27255     172
0.27265     175
0.27275     190
0.27285     193
0.27295     181
0.27305     182
0.27315     185
0.27325     154
0.27335     193
0.27345     177
0.27355     186
0.27365     186
0.27375     169
0.27385     191
0.27395     180
0.27405     188
0.27415     166
0.27425     173
0.27435     181
0.27445     179
0.27455     180
0.27465     176
0.27475     170
0.27485     173
0.27495     172
0.27505     172
0.27515     166
0.27525     192
0.27535     176
0.27545     178
0.27555     185
0.27565     183
0.27575     193
0.27585     169
0.27595     192
0.27605     160
0.27615     198
0.27625     165
0.27635     182
0.27645     199
0.27655     162
0.27665     172
0.27675     176
0.27685     200
0.27695     178
0.27705     161
0.27715     180
0.27725     175
0.27735     169
0.27745     174
0.27755     179
0.27765     168
0.27775     182
0.27785     169
0.27795     185
0.27805     165
0.27815     152
0.27825     172
0.27835     166
0.27845     187
0.27855     156
0.27865     172
0.27875     167
0.27885     157
0.27895     171
0.27905     185
0.27915     163
0.27925     182
0.27935     178
0.27945     186
0.27955     166
0.27965     180
0.27975     195
0.27985     187
0.27995     166
0.28005     154
0.28015     169
0.28025     202
0.28035     168
0.28045     185
0.28055     168
0.28065     199
0.28075     183
0.28085     155
0.28095     151
0.28105     161
0.28115     158
0.28125     171
0.28135     140
0.28145     168
0.28155     176
0.28165     187
0.28175     171
0.28185     168
0.28195     160
0.28205     175
0.28215     163
0.28225     168
0.28235     139
0.28245     163
0.28255     175
0.28265     162
0.28275     169
0.28285     192
0.28295     176
0.28305     172
0.28315     140
0.28325     167
0.28335     177
0.28345     173
0.28355     173
0.28365     176
0.28375     164
0.28385     143
0.28395     156
0.28405     161
0.28415     204
0.28425     168
0.28435     159
0.28445     193
0.28455     169
0.28465     166
0.28475     145
0.28485     169
0.28495     181
0.28505     180
0.28515     172
0.28525     177
0.28535     186
0.28545     175
0.28555     157
0.28565     157
0.28575     172
0.28585     153
0.28595     161
0.28605     174
0.28615     170
0.28625     187
0.28635     164
0.28645     192
0.28655     155
0.28665     137
0.28675     152
0.28685     166
0.28695     178
0.28705     180
0.28715     159
0.28725     148
0.28735     148
0.28745     143
0.28755     155
0.28765     167
0.28775     172
0.28785     160
0.28795     131
0.28805     154
0.28815     152
0.28825     150
0.28835     142
0.28845     149
0.28855     152
0.28865     168
0.28875     155
0.28885     169
0.28895     164
0.28905     151
0.28915     165
0.28925     163
0.28935     162
0.28945     145
0.28955     157
0.28965     144
0.28975     179
0.28985     173
0.28995     156
0.29005     160
0.29015     143
0.29025     163
0.29035     157
0.29045     156
0.29055     147
0.29065     172
0.29075     127
0.29085     164
0.29095     161
0.29105     145
0.29115     177
0.29125     152
0.29135     161
0.29145     161
0.29155     133
0.29165     167
0.29175     175
0.29185     153
0.29195     147
0.29205     154
0.29215     140
0.29225     165
0.29235     149
0.29245     150
0.29255     169
0.29265     163
0.29275     154
0.29285     162
0.29295     174
0.29305     155
0.29315     149
0.29325     148
0.29335     153
0.29345     162
0.29355     136
0.29365     148
0.29375     140
0.29385     163
0.29395     155
0.29405     156
0.29415     152
0.29425     146
0.29435     157
0.29445     154
0.29455     162
0.29465     170
0.29475     158
0.29485     146
0.29495     139
0.29505     174
0.29515     158
0.29525     143
0.29535     160
0.29545     124
0.29555     152
0.29565     138
0.29575     150
0.29585     152
0.29595     149
0.29605     167
0.29615     139
0.29625     164
0.29635     154
0.29645     159
0.29655     138
0.29665     138
0.29675     156
0.29685     143
0.29695     159
0.29705     134
0.29715     131
0.29725     150
0.29735     170
0.29745     142
0.29755     157
0.29765     166
0.29775     143
0.29785     142
0.29795     138
0.29805     118
0.29815     150
0.29825     173
0.29835     145
0.29845     124
0.29855     139
0.29865     122
0.29875     152
0.29885     167
0.29895     131
0.29905     156
0.29915     135
0.29925     148
0.29935     146
0.29945     134
0.29955     156
0.29965     151
0.29975     151
0.29985     139
0.29995     159
0.30005     148
0.30015     135
0.30025     158
0.30035     155
0.30045     148
0.30055     133
0.30065     145
0.30075     148
0.30085     165
0.30095     136
0.30105     143
0.30115     138
0.30125     143
0.30135     148
0.30145     136
0.30155     133
0.30165     125
0.30175     115
0.30185     153
0.30195     133
0.30205     152
0.30215     143
0.30225     158
0.30235     159
0.30245     127
0.30255     154
0.30265     138
0.30275     151
0.30285     169
0.30295     131
0.30305     136
0.30315     147
0.30325     143
0.30335     131
0.30345     141
0.30355     152
0.30365     146
0.30375     153
0.30385     154
0.30395     130
0.30405     161
0.30415     140
0.30425     149
0.30435     136
0.30445     163
0.30455     131
0.30465     138
0.30475     112
0.30485     126
0.30495     149
0.30505     139
0.30515     132
0.30525     155
0.30535     157
0.30545     141
0.30555     167
0.30565     136
0.30575     143
0.30585     126
0.30595     155
0.30605     131
0.30615     145
0.30625     148
0.30635     161
0.30645     141
0.30655     143
0.30665     115
0.30675     142
0.30685     130
0.30695     156
0.30705     135
0.30715     117
0.30725     132
0.30735     120
0.30745     130
0.30755     148
0.30765     140
0.30775     139
0.30785     134
0.30795     133
0.30805     129
0.30815     138
0.30825     119
0.30835     122
0.30845     143
0.30855     168
0.30865     149
0.30875     132
0.30885     128
0.30895     141
0.30905     155
0.30915     152
0.30925     144
0.30935     135
0.30945     137
0.30955     137
0.30965     152
0.30975     114
0.30985     148
0.30995     116
0.31005     145
0.31015     138
0.31025     133
0.31035     131
0.31045     142
0.31055     128
0.31065     161
0.31075     123
0.31085     119
0.31095     140
0.31105     137
0.31115     152
0.31125     140
0.31135     119
0.31145     142
0.31155     112
0.31165     144
0.31175     123
0.31185     140
0.31195     139
0.31205     137
0.31215     124
0.31225     117
0.31235     135
0.31245     123
0.31255     135
0.31265     157
0.31275     151
0.31285     141
0.31295     128
0.31305     146
0.31315     133
0.31325     120
0.31335     120
0.31345     162
0.31355     104
0.31365     126
0.31375     119
0.31385     129
0.31395     121
0.31405     140
0.31415     155
0.31425     131
0.31435     116
0.31445     153
0.31455     127
0.31465     142
0.31475     120
0.31485     132
0.31495     145
0.31505     125
0.31515     118
0.31525     129
0.31535     123
0.31545     137
0.31555     128
0.31565     112
0.31575     125
0.31585     131
0.31595     132
0.31605     142
0.31615     127
0.31625     124
0.31635     127
0.31645     120
0.31655     127
0.31665     114
0.31675     135
0.31685     123
0.31695     114
0.31705     139
0.31715     125
0.31725     127
0.31735     121
0.31745     115
0.31755     112
0.31765     119
0.31775     122
0.31785     109
0.31795     146
0.31805     119
0.31815     123
0.31825     124
0.31835     122
0.31845     133
0.31855     112
0.31865     107
0.31875     118
0.31885     111
0.31895     107
0.31905     122
0.31915     131
0.31925     108
0.31935     119
0.31945     128
0.31955     130
0.31965     141
0.31975     132
0.31985     135
0.31995     119
0.32005     109
0.32015     107
0.32025     125
0.32035     128
0.32045     127
0.32055     127
0.32065     118
0.32075     118
0.32085     103
0.32095     140
0.32105     128
0.32115     126
0.32125     129
0.32135     114
0.32145     118
0.32155     115
0.32165     108
0.32175     108
0.32185     116
0.32195     128
0.32205     117
0.32215     92
0.32225     126
0.32235     108
0.32245     121
0.32255     92
0.32265     137
0.32275     127
0.32285     126
0.32295     129
0.32305     119
0.32315     135
0.32325     112
0.32335     121
0.32345     122
0.32355     121
0.32365     113
0.32375     128
0.32385     116
0.32395     106
0.32405     127
0.32415     101
0.32425     122
0.32435     122
0.32445     116
0.32455     160
0.32465     122
0.32475     119
0.32485     118
0.32495     121
0.32505     116
0.32515     127
0.32525     128
0.32535     131
0.32545     126
0.32555     125
0.32565     115
0.32575     118
0.32585     113
0.32595     115
0.32605     130
0.32615     125
0.32625     133
0.32635     138
0.32645     108
0.32655     104
0.32665     136
0.32675     122
0.32685     108
0.32695     138
0.32705     124
0.32715     107
0.32725     117
0.32735     129
0.32745     113
0.32755     103
0.32765     133
0.32775     96
0.32785     125
0.32795     129
0.32805     106
0.32815     125
0.32825     111
0.32835     124
0.32845     94
0.32855     104
0.32865     134
0.32875     105
0.32885     103
0.32895     104
0.32905     130
0.32915     119
0.32925     115
0.32935     100
0.32945     103
0.32955     114
0.32965     103
0.32975     104
0.32985     103
0.32995     102
0.33005     93
0.33015     110
0.33025     116
0.33035     89
0.33045     106
0.33055     105
0.33065     119
0.33075     115
0.33085     121
0.33095     121
0.33105     99
0.33115     116
0.33125     113
0.33135     133
0.33145     109
0.33155     99
0.33165     112
0.33175     89
0.33185     115
0.33195     115
0.33205     125
0.33215     104
0.33225     110
0.33235     113
0.33245     97
0.33255     102
0.33265     105
0.33275     89
0.33285     101
0.33295     99
0.33305     100
0.33315     111
0.33325     108
0.33335     122
0.33345     98
0.33355     102
0.33365     120
0.33375     114
0.33385     116
0.33395     113
0.33405     109
0.33415     105
0.33425     104
0.33435     106
0.33445     120
0.33455     127
0.33465     115
0.33475     87
0.33485     135
0.33495     118
0.33505     114
0.33515     105
0.33525     110
0.33535     107
0.33545     119
0.33555     118
0.33565     107
0.33575     97
0.33585     116
0.33595     104
0.33605     122
0.33615     112
0.33625     97
0.33635     119
0.33645     110
0.33655     115
0.33665     110
0.33675     107
0.33685     96
0.33695     104
0.33705     94
0.33715     101
0.33725     98
0.33735     94
0.33745     93
0.33755     108
0.33765     115
0.33775     101
0.33785     95
0.33795     94
0.33805     99
0.33815     105
0.33825     88
0.33835     126
0.33845     108
0.33855     102
0.33865     101
0.33875     109
0.33885     116
0.33895     118
0.33905     97
0.33915     88
0.33925     102
0.33935     106
0.33945     108
0.33955     104
0.33965     112
0.33975     116
0.33985     92
0.33995     95
0.34005     99
0.34015     87
0.34025     104
0.34035     98
0.34045     102
0.34055     121
0.34065     97
0.34075     96
0.34085     93
0.34095     111
0.34105     96
0.34115     107
0.34125     108
0.34135     125
0.34145     90
0.34155     83
0.34165     91
0.34175     119
0.34185     107
0.34195     105
0.34205     123
0.34215     87
0.34225     97
0.34235     104
0.34245     105
0.34255     104
0.34265     91
0.34275     87
0.34285     96
0.34295     108
0.34305     115
0.34315     119
0.34325     89
0.34335     99
0.34345     99
0.34355     88
0.34365     92
0.34375     91
0.34385     102
0.34395     100
0.34405     94
0.34415     84
0.34425     74
0.34435     84
0.34445     93
0.34455     106
0.34465     116
0.34475     71
0.34485     98
0.34495     90
0.34505     98
0.34515     93
0.34525     91
0.34535     100
0.34545     95
0.34555     102
0.34565     84
0.34575     101
0.34585     93
0.34595     83
0.34605     108
0.34615     88
0.34625     110
0.34635     109
0.34645     88
0.34655     77
0.34665     89
0.34675     83
0.34685     98
0.34695     88
0.34705     95
0.34715     99
0.34725     95
0.34735     107
0.34745     94
0.34755     92
0.34765     98
0.34775     81
0.34785     86
0.34795     82
0.34805     102
0.34815     78
0.34825     89
0.34835     92
0.34845     103
0.34855     91
0.34865     97
0.34875     100
0.34885     100
0.34895     98
0.34905     84
0.34915     106
0.34925     106
0.34935     87
0.34945     88
0.34955     96
0.34965     99
0.34975     78
0.34985     94
0.34995     87
0.35005     77
0.35015     93
0.35025     91
0.35035     88
0.35045     95
0.35055     76
0.35065     83
0.35075     96
0.35085     85
0.35095     88
0.35105     99
0.35115     83
0.35125     83
0.35135     88
0.35145     93
0.35155     87
0.35165     91
0.35175     82
0.35185     93
0.35195     103
0.35205     88
0.35215     87
0.35225     95
0.35235     89
0.35245     86
0.35255     90
0.35265     84
0.35275     79
0.35285     92
0.35295     83
0.35305     87
0.35315     81
0.35325     85
0.35335     99
0.35345     84
0.35355     90
0.35365     74
0.35375     93
0.35385     64
0.35395     85
0.35405     89
0.35415     95
0.35425     103
0.35435     76
0.35445     83
0.35455     81
0.35465     79
0.35475     88
0.35485     80
0.35495     88
0.35505     78
0.35515     91
0.35525     82
0.35535     82
0.35545     74
0.35555     89
0.35565     82
0.35575     73
0.35585     85
0.35595     87
0.35605     74
0.35615     83
0.35625     91
0.35635     92
0.35645     78
0.35655     93
0.35665     78
0.35675     73
0.35685     106
0.35695     88
0.35705     85
0.35715     86
0.35725     79
0.35735     64
0.35745     84
0.35755     90
0.35765     76
0.35775     90
0.35785     68
0.35795     93
0.35805     82
0.35815     105
0.35825     88
0.35835     89
0.35845     91
0.35855     81
0.35865     95
0.35875     81
0.35885     87
0.35895     79
0.35905     81
0.35915     88
0.35925     71
0.35935     87
0.35945     69
0.35955     79
0.35965     86
0.35975     84
0.35985     84
0.35995     81
0.36005     57
0.36015     80
0.36025     61
0.36035     73
0.36045     69
0.36055     90
0.36065     77
0.36075     85
0.36085     86
0.36095     86
0.36105     71
0.36115     82
0.36125     66
0.36135     65
0.36145     73
0.36155     77
0.36165     84
0.36175     73
0.36185     82
0.36195     89
0.36205     69
0.36215     83
0.36225     96
0.36235     84
0.36245     66
0.36255     70
0.36265     83
0.36275     74
0.36285     73
0.36295     83
0.36305     79
0.36315     72
0.36325     88
0.36335     66
0.36345     73
0.36355     63
0.36365     74
0.36375     63
0.36385     91
0.36395     81
0.36405     68
0.36415     66
0.36425     81
0.36435     68
0.36445     80
0.36455     77
0.36465     61
0.36475     70
0.36485     70
0.36495     74
0.36505     68
0.36515     73
0.36525     85
0.36535     75
0.36545     72
0.36555     65
0.36565     67
0.36575     72
0.36585     68
0.36595     67
0.36605     91
0.36615     72
0.36625     92
0.36635     68
0.36645     89
0.36655     75
0.36665     70
0.36675     71
0.36685     76
0.36695     76
0.36705     69
0.36715     90
0.36725     76
0.36735     66
0.36745     72
0.36755     79
0.36765     75
0.36775     61
0.36785     68
0.36795     71
0.36805     68
0.36815     68
0.36825     61
0.36835     64
0.36845     63
0.36855     81
0.36865     60
0.36875     60
0.36885     83
0.36895     72
0.36905     73
0.36915     65
0.36925     67
0.36935     85
0.36945     70
0.36955     60
0.36965     60
0.36975     68
0.36985     74
0.36995     68
0.37005     78
0.37015     73
0.37025     71
0.37035     66
0.37045     62
0.37055     71
0.37065     70
0.37075     57
0.37085     72
0.37095     74
0.37105     74
0.37115     69
0.37125     76
0.37135     58
0.37145     54
0.37155     74
0.37165     80
0.37175     74
0.37185     66
0.37195     62
0.37205     60
0.37215     76
0.37225     72
0.37235     65
0.37245     77
0.37255     70
0.37265     70
0.37275     51
0.37285     57
0.37295     76
0.37305     84
0.37315     60
0.37325     58
0.37335     70
0.37345     79
0.37355     70
0.37365     67
0.37375     80
0.37385     61
0.37395     55
0.37405     73
0.37415     72
0.37425     61
0.37435     64
0.37445     79
0.37455     78
0.37465     62
0.37475     74
0.37485     77
0.37495     57
0.37505     75
0.37515     57
0.37525     63
0.37535     54
0.37545     62
0.37555     64
0.37565     63
0.37575     69
0.37585     63
0.37595     66
0.37605     57
0.37615     54
0.37625     65
0.37635     72
0.37645     52
0.37655     55
0.37665     65
0.37675     62
0.37685     53
0.37695     78
0.37705     59
0.37715     56
0.37725     68
0.37735     50
0.37745     63
0.37755     56
0.37765     64
0.37775     55
0.37785     55
0.37795     57
0.37805     73
0.37815     71
0.37825     57
0.37835     66
0.37845     56
0.37855     58
0.37865     56
0.37875     61
0.37885     55
0.37895     61
0.37905     64
0.37915     62
0.37925     48
0.37935     58
0.37945     72
0.37955     67
0.37965     75
0.37975     75
0.37985     61
0.37995     53
0.38005     59
0.38015     55
0.38025     56
0.38035     68
0.38045     60
0.38055     56
0.38065     53
0.38075     74
0.38085     51
0.38095     45
0.38105     61
0.38115     71
0.38125     60
0.38135     52
0.38145     60
0.38155     73
0.38165     72
0.38175     38
0.38185     49
0.38195     51
0.38205     61
0.38215     64
0.38225     83
0.38235     67
0.38245     62
0.38255     56
0.38265     60
0.38275     54
0.38285     51
0.38295     59
0.38305     59
0.38315     52
0.38325     61
0.38335     55
0.38345     70
0.38355     71
0.38365     57
0.38375     60
0.38385     58
0.38395     51
0.38405     64
0.38415     51
0.38425     48
0.38435     46
0.38445     66
0.38455     59
0.38465     55
0.38475     67
0.38485     50
0.38495     66
0.38505     56
0.38515     49
0.38525     54
0.38535     49
0.38545     54
0.38555     48
0.38565     59
0.38575     56
0.38585     67
0.38595     60
0.38605     66
0.38615     55
0.38625     46
0.38635     38
0.38645     57
0.38655     46
0.38665     49
0.38675     63
0.38685     55
0.38695     46
0.38705     61
0.38715     52
0.38725     53
0.38735     63
0.38745     54
0.38755     48
0.38765     50
0.38775     51
0.38785     50
0.38795     60
0.38805     51
0.38815     59
0.38825     69
0.38835     41
0.38845     42
0.38855     56
0.38865     49
0.38875     37
0.38885     46
0.38895     49
0.38905     42
0.38915     38
0.38925     44
0.38935     54
0.38945     59
0.38955     52
0.38965     52
0.38975     56
0.38985     49
0.38995     56
0.39005     48
0.39015     57
0.39025     60
0.39035     51
0.39045     50
0.39055     55
0.39065     40
0.39075     53
0.39085     44
0.39095     51
0.39105     44
0.39115     45
0.39125     45
0.39135     50
0.39145     50
0.39155     45
0.39165     44
0.39175     50
0.39185     44
0.39195     48
0.39205     54
0.39215     48
0.39225     48
0.39235     53
0.39245     55
0.39255     41
0.39265     55
0.39275     47
0.39285     49
0.39295     54
0.39305     53
0.39315     50
0.39325     53
0.39335     60
0.39345     51
0.39355     48
0.39365     60
0.39375     47
0.39385     45
0.39395     51
0.39405     45
0.39415     34
0.39425     56
0.39435     47
0.39445     64
0.39455     51
0.39465     52
0.39475     48
0.39485     41
0.39495     40
0.39505     51
0.39515     42
0.39525     49
0.39535     42
0.39545     44
0.39555     44
0.39565     54
0.39575     51
0.39585     55
0.39595     42
0.39605     41
0.39615     57
0.39625     37
0.39635     53
0.39645     54
0.39655     49
0.39665     51
0.39675     39
0.39685     59
0.39695     55
0.39705     50
0.39715     57
0.39725     55
0.39735     44
0.39745     48
0.39755     42
0.39765     53
0.39775     44
0.39785     45
0.39795     45
0.39805     54
0.39815     44
0.39825     44
0.39835     50
0.39845     53
0.39855     50
0.39865     44
0.39875     44
0.39885     46
0.39895     44
0.39905     55
0.39915     54
0.39925     45
0.39935     36
0.39945     58
0.39955     46
0.39965     41
0.39975     51
0.39985     46
0.39995     48
0.40005     47
0.40015     53
0.40025     55
0.40035     39
0.40045     47
0.40055     56
0.40065     36
0.40075     39
0.40085     34
0.40095     41
0.40105     38
0.40115     32
0.40125     47
0.40135     45
0.40145     43
0.40155     43
0.40165     47
0.40175     40
0.40185     39
0.40195     52
0.40205     42
0.40215     41
0.40225     44
0.40235     45
0.40245     37
0.40255     39
0.40265     50
0.40275     36
0.40285     46
0.40295     40
0.40305     28
0.40315     47
0.40325     43
0.40335     35
0.40345     39
0.40355     57
0.40365     43
0.40375     34
0.40385     46
0.40395     37
0.40405     36
0.40415     45
0.40425     40
0.40435     34
0.40445     41
0.40455     45
0.40465     36
0.40475     46
0.40485     43
0.40495     40
0.40505     43
0.40515     40
0.40525     37
0.40535     31
0.40545     35
0.40555     43
0.40565     35
0.40575     46
0.40585     57
0.40595     35
0.40605     33
0.40615     45
0.40625     39
0.40635     29
0.40645     27
0.40655     45
0.40665     34
0.40675     40
0.40685     32
0.40695     46
0.40705     22
0.40715     40
0.40725     32
0.40735     33
0.40745     44
0.40755     40
0.40765     39
0.40775     39
0.40785     44
0.40795     36
0.40805     41
0.40815     42
0.40825     32
0.40835     43
0.40845     32
0.40855     41
0.40865     38
0.40875     31
0.40885     36
0.40895     32
0.40905     29
0.40915     31
0.40925     47
0.40935     33
0.40945     40
0.40955     30
0.40965     22
0.40975     43
0.40985     28
0.40995     36
0.41005     34
0.41015     37
0.41025     43
0.41035     44
0.41045     45
0.41055     44
0.41065     28
0.41075     38
0.41085     31
0.41095     36
0.41105     42
0.41115     40
0.41125     36
0.41135     24
0.41145     35
0.41155     34
0.41165     33
0.41175     34
0.41185     32
0.41195     35
0.41205     28
0.41215     37
0.41225     33
0.41235     36
0.41245     21
0.41255     37
0.41265     34
0.41275     34
0.41285     32
0.41295     30
0.41305     30
0.41315     33
0.41325     27
0.41335     35
0.41345     36
0.41355     35
0.41365     24
0.41375     32
0.41385     37
0.41395     34
0.41405     30
0.41415     36
0.41425     31
0.41435     32
0.41445     34
0.41455     28
0.41465     25
0.41475     27
0.41485     25
0.41495     28
0.41505     33
0.41515     26
0.41525     30
0.41535     34
0.41545     34
0.41555     23
0.41565     34
0.41575     27
0.41585     34
0.41595     33
0.41605     23
0.41615     33
0.41625     31
0.41635     24
0.41645     32
0.41655     32
0.41665     30
0.41675     32
0.41685     33
0.41695     25
0.41705     24
0.41715     41
0.41725     37
0.41735     22
0.41745     16
0.41755     31
0.41765     32
0.41775     13
0.41785     31
0.41795     31
0.41805     28
0.41815     29
0.41825     32
0.41835     30
0.41845     29
0.41855     32
0.41865     25
0.41875     24
0.41885     23
0.41895     32
0.41905     33
0.41915     30
0.41925     22
0.41935     27
0.41945     30
0.41955     37
0.41965     30
0.41975     26
0.41985     29
0.41995     27
0.42005     25
0.42015     29
0.42025     33
0.42035     21
0.42045     28
0.42055     20
0.42065     32
0.42075     25
0.42085     31
0.42095     22
0.42105     31
0.42115     24
0.42125     23
0.42135     24
0.42145     23
0.42155     22
0.42165     35
0.42175     22
0.42185     22
0.42195     28
0.42205     19
0.42215     27
0.42225     25
0.42235     28
0.42245     22
0.42255     26
0.42265     31
0.42275     33
0.42285     27
0.42295     22
0.42305     24
0.42315     24
0.42325     20
0.42335     22
0.42345     18
0.42355     28
0.42365     20
0.42375     32
0.42385     23
0.42395     31
0.42405     34
0.42415     18
0.42425     23
0.42435     23
0.42445     28
0.42455     20
0.42465     24
0.42475     25
0.42485     23
0.42495     22
0.42505     23
0.42515     24
0.42525     28
0.42535     32
0.42545     35
0.42555     22
0.42565     21
0.42575     19
0.42585     19
0.42595     24
0.42605     27
0.42615     22
0.42625     24
0.42635     17
0.42645     22
0.42655     21
0.42665     23
0.42675     18
0.42685     19
0.42695     31
0.42705     27
0.42715     27
0.42725     20
0.42735     28
0.42745     24
0.42755     22
0.42765     20
0.42775     15
0.42785     26
0.42795     18
0.42805     31
0.42815     19
0.42825     22
0.42835     25
0.42845     19
0.42855     25
0.42865     28
0.42875     20
0.42885     22
0.42895     18
0.42905     20
0.42915     22
0.42925     20
0.42935     25
0.42945     17
0.42955     20
0.42965     22
0.42975     28
0.42985     26
0.42995     25
0.43005     18
0.43015     19
0.43025     26
0.43035     22
0.43045     19
0.43055     14
0.43065     21
0.43075     21
0.43085     18
0.43095     25
0.43105     23
0.43115     20
0.43125     16
0.43135     17
0.43145     16
0.43155     17
0.43165     13
0.43175     20
0.43185     11
0.43195     19
0.43205     26
0.43215     12
0.43225     19
0.43235     14
0.43245     19
0.43255     17
0.43265     15
0.43275     21
0.43285     12
0.43295     12
0.43305     19
0.43315     15
0.43325     24
0.43335     20
0.43345     15
0.43355     17
0.43365     18
0.43375     19
0.43385     16
0.43395     15
0.43405     21
0.43415     18
0.43425     14
0.43435     20
0.43445     13
0.43455     14
0.43465     20
0.43475     18
0.43485     12
0.43495     12
0.43505     22
0.43515     15
0.43525     22
0.43535     21
0.43545     18
0.43555     21
0.43565     16
0.43575     24
0.43585     21
0.43595     15
0.43605     27
0.43615     18
0.43625     17
0.43635     26
0.43645     14
0.43655     15
0.43665     16
0.43675     18
0.43685     18
0.43695     19
0.43705     13
0.43715     16
0.43725     19
0.43735     19
0.43745     13
0.43755     18
0.43765     19
0.43775     15
0.43785     15
0.43795     22
0.43805     21
0.43815     15
0.43825     12
0.43835     19
0.43845     19
0.43855     11
0.43865     23
0.43875     16
0.43885     15
0.43895     10
0.43905     12
0.43915     17
0.43925     10
0.43935     15
0.43945     15
0.43955     12
0.43965     21
0.43975     17
0.43985     20
0.43995     13
0.44005     11
0.44015     18
0.44025     17
0.44035     14
0.44045     18
0.44055     7
0.44065     15
0.44075     20
0.44085     13
0.44095     15
0.44105     18
0.44115     7
0.44125     14
0.44135     19
0.44145     6
0.44155     14
0.44165     19
0.44175     12
0.44185     9
0.44195     20
0.44205     13
0.44215     16
0.44225     18
0.44235     10
0.44245     16
0.44255     22
0.44265     15
0.44275     6
0.44285     10
0.44295     11
0.44305     12
0.44315     14
0.44325     14
0.44335     13
0.44345     16
0.44355     16
0.44365     11
0.44375     16
0.44385     13
0.44395     11
0.44405     13
0.44415     13
0.44425     15
0.44435     13
0.44445     21
0.44455     13
0.44465     18
0.44475     18
0.44485     10
0.44495     13
0.44505     8
0.44515     15
0.44525     7
0.44535     21
0.44545     17
0.44555     19
0.44565     18
0.44575     14
0.44585     18
0.44595     16
0.44605     13
0.44615     14
0.44625     13
0.44635     11
0.44645     6
0.44655     16
0.44665     11
0.44675     18
0.44685     12
0.44695     11
0.44705     8
0.44715     7
0.44725     10
0.44735     9
0.44745     16
0.44755     17
0.44765     13
0.44775     9
0.44785     12
0.44795     17
0.44805     16
0.44815     7
0.44825     8
0.44835     6
0.44845     11
0.44855     10
0.44865     8
0.44875     9
0.44885     16
0.44895     9
0.44905     10
0.44915     12
0.44925     12
0.44935     4
0.44945     11
0.44955     14
0.44965     12
0.44975     17
0.44985     10
0.44995     17
0.45005     17
0.45015     11
0.45025     13
0.45035     6
0.45045     14
0.45055     10
0.45065     10
0.45075     15
0.45085     18
0.45095     14
0.45105     15
0.45115     7
0.45125     13
0.45135     13
0.45145     8
0.45155     9
0.45165     4
0.45175     5
0.45185     5
0.45195     11
0.45205     7
0.45215     13
0.45225     5
0.45235     11
0.45245     9
0.45255     17
0.45265     8
0.45275     8
0.45285     11
0.45295     7
0.45305     9
0.45315     8
0.45325     5
0.45335     13
0.45345     4
0.45355     7
0.45365     7
0.45375     11
0.45385     14
0.45395     10
0.45405     4
0.45415     9
0.45425     7
0.45435     6
0.45445     7
0.45455     5
0.45465     10
0.45475     8
0.45485     9
0.45495     8
0.45505     9
0.45515     10
0.45525     11
0.45535     10
0.45545     13
0.45555     12
0.45565     10
0.45575     10
0.45585     3
0.45595     8
0.45605     7
0.45615     6
0.45625     7
0.45635     10
0.45645     5
0.45655     5
0.45665     6
0.45675     7
0.45685     11
0.45695     7
0.45705     9
0.45715     5
0.45725     9
0.45735     9
0.45745     8
0.45755     10
0.45765     9
0.45775     15
0.45785     7
0.45795     2
0.45805     12
0.45815     8
0.45825     5
0.45835     7
0.45845     5
0.45855     6
0.45865     11
0.45875     5
0.45885     15
0.45895     7
0.45905     6
0.45915     7
0.45925     7
0.45935     6
0.45945     12
0.45955     9
0.45965     6
0.45975     9
0.45985     7
0.45995     11
0.46005     7
0.46015     8
0.46025     8
0.46035     5
0.46045     8
0.46055     5
0.46065     7
0.46075     5
0.46085     5
0.46095     4
0.46105     6
0.46115     5
0.46125     8
0.46135     5
0.46145     8
0.46155     5
0.46165     4
0.46175     12
0.46185     10
0.46195     3
0.46205     8
0.46215     5
0.46225     7
0.46235     9
0.46245     2
0.46255     6
0.46265     4
0.46275     3
0.46285     10
0.46295     5
0.46305     8
0.46315     10
0.46325     9
0.46335     3
0.46345     6
0.46355     7
0.46365     9
0.46375     6
0.46385     6
0.46395     5
0.46405     10
0.46415     7
0.46425     3
0.46435     7
0.46445     3
0.46455     5
0.46465     7
0.46475     7
0.46485     6
0.46495     8
0.46505     11
0.46515     6
0.46525     6
0.46535     5
0.46545     8
0.46555     5
0.46565     8
0.46575     8
0.46585     7
0.46595     4
0.46605     6
0.46615     7
0.46625     6
0.46635     5
0.46645     3
0.46655     10
0.46665     2
0.46675     5
0.46685     2
0.46695     3
0.46705     5
0.46715     4
0.46725     4
0.46735     4
0.46745     1
0.46755     9
0.46765     6
0.46775     7
0.46785     4
0.46795     9
0.46805     7
0.46815     11
0.46825     5
0.46835     7
0.46845     7
0.46855     7
0.46865     4
0.46875     5
0.46885     6
0.46895     4
0.46905     9
0.46915     2
0.46925     6
0.46935     4
0.46945     3
0.46955     7
0.46965     7
0.46975     3
0.46985     3
0.46995     4
0.47005     5
0.47015     5
0.47025     3
0.47035     4
0.47045     1
0.47055     8
0.47065     2
0.47075     0
0.47085     12
0.47095     4
0.47105     3
0.47115     2
0.47125     2
0.47135     4
0.47145     6
0.47155     3
0.47165     3
0.47175     1
0.47185     5
0.47195     3
0.47205     0
0.47215     7
0.47225     3
0.47235     4
0.47245     3
0.47255     1
0.47265     6
0.47275     3
0.47285     1
0.47295     6
0.47305     3
0.47315     2
0.47325     4
0.47335     4
0.47345     2
0.47355     2
0.47365     6
0.47375     3
0.47385     2
0.47395     3
0.47405     3
0.47415     6
0.47425     0
0.47435     5
0.47445     6
0.47455     3
0.47465     9
0.47475     3
0.47485     2
0.47495     2
0.47505     1
0.47515     5
0.47525     0
0.47535     4
0.47545     2
0.47555     4
0.47565     4
0.47575     0
0.47585     7
0.47595     5
0.47605     2
0.47615     3
0.47625     5
0.47635     6
0.47645     3
0.47655     3
0.47665     3
0.47675     0
0.47685     7
0.47695     6
0.47705     3
0.47715     0
0.47725     3
0.47735     1
0.47745     2
0.47755     0
0.47765     6
0.47775     2
0.47785     4
0.47795     3
0.47805     3
0.47815     0
0.47825     1
0.47835     4
0.47845     1
0.47855     0
0.47865     4
0.47875     6
0.47885     4
0.47895     1
0.47905     4
0.47915     2
0.47925     0
0.47935     0
0.47945     2
0.47955     5
0.47965     0
0.47975     3
0.47985     0
0.47995     3
0.48005     1
0.48015     0
0.48025     0
0.48035     2
0.48045     6
0.48055     1
0.48065     1
0.48075     3
0.48085     1
0.48095     1
0.48105     4
0.48115     3
0.48125     1
0.48135     2
0.48145     6
0.48155     4
0.48165     0
0.48175     0
0.48185     0
0.48195     0
0.48205     0
0.48215     0
0.48225     0
0.48235     0
0.48245     0
0.48255     0
0.48265     0
0.48275     0
0.48285     0
0.48295     0
0.48305     0
0.48315     0
0.48325     0
0.48335     0
0.48345     0
0.48355     0
0.48365     0
0.48375     0
0.48385     0
0.48395     0
0.48405     0
0.48415     0
0.48425     0
0.48435     0
0.48445     0
0.48455     0
0.48465     0
0.48475     0
0.48485     0
0.48495     0
0.48505     0
0.48515     0
0.48525     0
0.48535     0
0.48545     0
0.48555     0
0.48565     0
0.48575     0
0.48585     0
0.48595     0
0.48605     0
0.48615     0
0.48625     0
0.48635     0
0.48645     0
0.48655     0
0.48665     0
0.48675     0
0.48685     0
0.48695     0
0.48705     0
0.48715     0
0.48725     0
0.48735     0
0.48745     0
0.48755     0
0.48765     0
0.48775     0
0.48785     0
0.48795     0
0.48805     0
0.48815     0
0.48825     0
0.48835     0
0.48845     0
0.48855     0
0.48865     0
0.48875     0
0.48885     0
0.48895     0
0.48905     0
0.48915     0
0.48925     0
0.48935     0
0.48945     0
0.48955     0
0.48965     0
0.48975     0
0.48985     0
0.48995     0
0.49005     0
0.49015     0
0.49025     0
0.49035     0
0.49045     0
0.49055     0
0.49065     0
0.49075     0
0.49085     0
0.49095     0
0.49105     0
0.49115     0
0.49125     0
0.49135     0
0.49145     0
0.49155     0
0.49165     0
0.49175     0
0.49185     0
0.49195     0
0.49205     0
0.49215     0
0.49225     0
0.49235     0
0.49245     0
0.49255     0
0.49265     0
0.49275     0
0.49285     0
0.49295     0
0.49305     0
0.49315     0
0.49325     0
0.49335     0
0.49345     0
0.49355     0
0.49365     0
0.49375     0
0.49385     0
0.49395     0
0.49405     0
0.49415     0
0.49425     0
0.49435     0
0.49445     0
0.49455     0
0.49465     0
0.49475     0
0.49485     0
0.49495     0
0.49505     0
0.49515     0
0.49525     0
0.49535     0
0.49545     0
0.49555     0
0.49565     0
0.49575     0
0.49585     0
0.49595     0
0.49605     0
0.49615     0
0.49625     0
0.49635     0
0.49645     0
0.49655     0
0.49665     0
0.49675     0
0.49685     0
0.49695     0
0.49705     0
0.49715     0
0.49725     0
0.49735     0
0.49745     0
0.49755     0
0.49765     0
0.49775     0
0.49785     0
0.49795     0
0.49805     0
0.49815     0
0.49825     0
0.49835     0
0.49845     0
0.49855     0
0.49865     0
0.49875     0
0.49885     0
0.49895     0
0.49905     0
0.49915     0
0.49925     0
0.49935     0
0.49945     0
0.49955     0
0.49965     0
0.49975     0
0.49985     0
0.49995     0
0.50005     0
0.50015     0
0.50025     0
0.50035     0
0.50045     0
0.50055     0
0.50065     0
0.50075     0
0.50085     0
0.50095     0
0.50105     0
0.50115     0
0.50125     0
0.50135     0
0.50145     0
0.50155     0
0.50165     0
0.50175     0
0.50185     0
0.50195     0
0.50205     0
0.50215     0
0.50225     0
0.50235     0
0.50245     0
0.50255     0
0.50265     0
0.50275     0
0.50285     0
0.50295     0
0.50305     0
0.50315     0
0.50325     0
0.50335     0
0.50345     0
0.50355     0
0.50365     0
0.50375     0
0.50385     0
0.50395     0
0.50405     0
0.50415     0
0.50425     0
0.50435     0
0.50445     0
0.50455     0
0.50465     0
0.50475     0
0.50485     0
0.50495     0
0.50505     0
0.50515     0
0.50525     0
0.50535     0
0.50545     0
0.50555     0
0.50565     0
0.50575     0
0.50585     0
0.50595     0
0.50605     0
0.50615     0
0.50625     0
0.50635     0
0.50645     0
0.50655     0
0.50665     0
0.50675     0
0.50685     0
0.50695     0
0.50705     0
0.50715     0
0.50725     0
0.50735     0
0.50745     0
0.50755     0
0.50765     0
0.50775     0
0.50785     0
0.50795     0
0.50805     0
0.50815     0
0.50825     0
0.50835     0
0.50845     0
0.50855     0
0.50865     0
0.50875     0
0.50885     0
0.50895     0
0.50905     0
0.50915     0
0.50925     0
0.50935     0
0.50945     0
0.50955     0
0.50965     0
0.50975     0
0.50985     0
0.50995     0
0.51005     0
0.51015     0
0.51025     0
0.51035     0
0.51045     0
0.51055     0
0.51065     0
0.51075     0
0.51085     0
0.51095     0
0.51105     0
0.51115     0
0.51125     0
0.51135     0
0.51145     0
0.51155     0
0.51165     0
0.51175     0
0.51185     0
0.51195     0
0.51205     0
0.51215     0
0.51225     0
0.51235     0
0.51245     0
0.51255     0
0.51265     0
0.51275     0
0.51285     0
0.51295     0
0.51305     0
0.51315     0
0.51325     0
0.51335     0
0.51345     0
0.51355     0
0.51365     0
0.51375     0
0.51385     0
0.51395     0
0.51405     0
0.51415     0
0.51425     0
0.51435     0
0.51445     0
0.51455     0
0.51465     0
0.51475     0
0.51485     0
0.51495     0
0.51505     0
0.51515     0
0.51525     0
0.51535     0
0.51545     0
0.51555     0
0.51565     0
0.51575     0
0.51585     0
0.51595     0
0.51605     0
0.51615     0
0.51625     0
0.51635     0
0.51645     0
0.51655     0
0.51665     0
0.51675     0
0.51685     0
0.51695     0
0.51705     0
0.51715     0
0.51725     0
0.51735     0
0.51745     0
0.51755     0
0.51765     0
0.51775     0
0.51785     0
0.51795     0
0.51805     0
0.51815     0
0.51825     0
0.51835     0
0.51845     0
0.51855     0
0.51865     0
0.51875     0
0.51885     0
0.51895     0
0.51905     0
0.51915     0
0.51925     0
0.51935     0
0.51945     0
0.51955     0
0.51965     0
0.51975     0
0.51985     0
0.51995     0
0.52005     0
0.52015     0
0.52025     0
0.52035     0
0.52045     0
0.52055     0
0.52065     0
0.52075     0
0.52085     0
0.52095     0
0.52105     0
0.52115     0
0.52125     0
0.52135     0
0.52145     0
0.52155     0
0.52165     0
0.52175     0
0.52185     0
0.52195     0
0.52205     0
0.52215     0
0.52225     0
0.52235     0
0.52245     0
0.52255     0
0.52265     0
0.52275     0
0.52285     0
0.52295     0
0.52305     0
0.52315     0
0.52325     0
0.52335     0
0.52345     0
0.52355     0
0.52365     0
0.52375     0
0.52385     0
0.52395     0
0.52405     0
0.52415     0
0.52425     0
0.52435     0
0.52445     0
0.52455     0
0.52465     0
0.52475     0
0.52485     0
0.52495     0
0.52505     0
0.52515     0
0.52525     0
0.52535     0
0.52545     0
0.52555     0
0.52565     0
0.52575     0
0.52585     0
0.52595     0
0.52605     0
0.52615     0
0.52625     0
0.52635     0
0.52645     0
0.52655     0
0.52665     0
0.52675     0
0.52685     0
0.52695     0
0.52705     0
0.52715     0
0.52725     0
0.52735     0
0.52745     0
0.52755     0
0.52765     0
0.52775     0
0.52785     0
0.52795     0
0.52805     0
0.52815     0
0.52825     0
0.52835     0
0.52845     0
0.52855     0
0.52865     0
0.52875     0
0.52885     0
0.52895     0
0.52905     0
0.52915     0
0.52925     0
0.52935     0
0.52945     0
0.52955     0
0.52965     0
0.52975     0
0.52985     0
0.52995     0
0.53005     0
0.53015     0
0.53025     0
0.53035     0
0.53045     0
0.53055     0
0.53065     0
0.53075     0
0.53085     0
0.53095     0
0.53105     0
0.53115     0
0.53125     0
0.53135     0
0.53145     0
0.53155     0
0.53165     0
0.53175     0
0.53185     0
0.53195     0
0.53205     0
0.53215     0
0.53225     0
0.53235     0
0.53245     0
0.53255     0
0.53265     0
0.53275     0
0.53285     0
0.53295     0
0.53305     0
0.53315     0
0.53325     0
0.53335     0
0.53345     0
0.53355     0
0.53365     0
0.53375     0
0.53385     0
0.53395     0
0.53405     0
0.53415     0
0.53425     0
0.53435     0
0.53445     0
0.53455     0
0.53465     0
0.53475     0
0.53485     0
0.53495     0
0.53505     0
0.53515     0
0.53525     0
0.53535     0
0.53545     0
0.53555     0
0.53565     0
0.53575     0
0.53585     0
0.53595     0
0.53605     0
0.53615     0
0.53625     0
0.53635     0
0.53645     0
0.53655     0
0.53665     0
0.53675     0
0.53685     0
0.53695     0
0.53705     0
0.53715     0
0.53725     0
0.53735     0
0.53745     0
0.53755     0
0.53765     0
0.53775     0
0.53785     0
0.53795     0
0.53805     0
0.53815     0
0.53825     0
0.53835     0
0.53845     0
0.53855     0
0.53865     0
0.53875     0
0.53885     0
0.53895     0
0.53905     0
0.53915     0
0.53925     0
0.53935     0
0.53945     0
0.53955     0
0.53965     0
0.53975     0
0.53985     0
0.53995     0
0.54005     0
0.54015     0
0.54025     0
0.54035     0
0.54045     0
0.54055     0
0.54065     0
0.54075     0
0.54085     0
0.54095     0
0.54105     0
0.54115     0
0.54125     0
0.54135     0
0.54145     0
0.54155     0
0.54165     0
0.54175     0
0.54185     0
0.54195     0
0.54205     0
0.54215     0
0.54225     0
0.54235     0
0.54245     0
0.54255     0
0.54265     0
0.54275     0
0.54285     0
0.54295     0
0.54305     0
0.54315     0
0.54325     0
0.54335     0
0.54345     0
0.54355     0
0.54365     0
0.54375     0
0.54385     0
0.54395     0
0.54405     0
0.54415     0
0.54425     0
0.54435     0
0.54445     0
0.54455     0
0.54465     0
0.54475     0
0.54485     0
0.54495     0
0.54505     0
0.54515     0
0.54525     0
0.54535     0
0.54545     0
0.54555     0
0.54565     0
0.54575     0
0.54585     0
0.54595     0
0.54605     0
0.54615     0
0.54625     0
0.54635     0
0.54645     0
0.54655     0
0.54665     0
0.54675     0
0.54685     0
0.54695     0
0.54705     0
0.54715     0
0.54725     0
0.54735     0
0.54745     0
0.54755     0
0.54765     0
0.54775     0
0.54785     0
0.54795     0
0.54805     0
0.54815     0
0.54825     0
0.54835     0
0.54845     0
0.54855     0
0.54865     0
0.54875     0
0.54885     0
0.54895     0
0.54905     0
0.54915     0
0.54925     0
0.54935     0
0.54945     0
0.54955     0
0.54965     0
0.54975     0
0.54985     0
0.54995     0
0.55005     0
0.55015     0
0.55025     0
0.55035     0
0.55045     0
0.55055     0
0.55065     0
0.55075     0
0.55085     0
0.55095     0
0.55105     0
0.55115     0
0.55125     0
0.55135     0
0.55145     0
0.55155     0
0.55165     0
0.55175     0
0.55185     0
0.55195     0
0.55205     0
0.55215     0
0.55225     0
0.55235     0
0.55245     0
0.55255     0
0.55265     0
0.55275     0
0.55285     0
0.55295     0
0.55305     0
0.55315     0
0.55325     0
0.55335     0
0.55345     0
0.55355     0
0.55365     0
0.55375     0
0.55385     0
0.55395     0
0.55405     0
0.55415     0
0.55425     0
0.55435     0
0.55445     0
0.55455     0
0.55465     0
0.55475     0
0.55485     0
0.55495     0
0.55505     0
0.55515     0
0.55525     0
0.55535     0
0.55545     0
0.55555     0
0.55565     0
0.55575     0
0.55585     0
0.55595     0
0.55605     0
0.55615     0
0.55625     0
0.55635     0
0.55645     0
0.55655     0
0.55665     0
0.55675     0
0.55685     0
0.55695     0
0.55705     0
0.55715     0
0.55725     0
0.55735     0
0.55745     0
0.55755     0
0.55765     0
0.55775     0
0.55785     0
0.55795     0
0.55805     0
0.55815     0
0.55825     0
0.55835     0
0.55845     0
0.55855     0
0.55865     0
0.55875     0
0.55885     0
0.55895     0
0.55905     0
0.55915     0
0.55925     0
0.55935     0
0.55945     0
0.55955     0
0.55965     0
0.55975     0
0.55985     0
0.55995     0
0.56005     0
0.56015     0
0.56025     0
0.56035     0
0.56045     0
0.56055     0
0.56065     0
0.56075     0
0.56085     0
0.56095     0
0.56105     0
0.56115     0
0.56125     0
0.56135     0
0.56145     0
0.56155     0
0.56165     0
0.56175     0
0.56185     0
0.56195     0
0.56205     0
0.56215     0
0.56225     0
0.56235     0
0.56245     0
0.56255     0
0.56265     0
0.56275     0
0.56285     0
0.56295     0
0.56305     0
0.56315     0
0.56325     0
0.56335     0
0.56345     0
0.56355     0
0.56365     0
0.56375     0
0.56385     0
0.56395     0
0.56405     0
0.56415     0
0.56425     0
0.56435     0
0.56445     0
0.56455     0
0.56465     0
0.56475     0
0.56485     0
0.56495     0
0.56505     0
0.56515     0
0.56525     0
0.56535     0
0.56545     0
0.56555     0
0.56565     0
0.56575     0
0.56585     0
0.56595     0
0.56605     0
0.56615     0
0.56625     0
0.56635     0
0.56645     0
0.56655     0
0.56665     0
0.56675     0
0.56685     0
0.56695     0
0.56705     0
0.56715     0
0.56725     0
0.56735     0
0.56745     0
0.56755     0
0.56765     0
0.56775     0
0.56785     0
0.56795     0
0.56805     0
0.56815     0
0.56825     0
0.56835     0
0.56845     0
0.56855     0
0.56865     0
0.56875     0
0.56885     0
0.56895     0
0.56905     0
0.56915     0
0.56925     0
0.56935     0
0.56945     0
0.56955     0
0.56965     0
0.56975     0
0.56985     0
0.56995     0
0.57005     0
0.57015     0
0.57025     0
0.57035     0
0.57045     0
0.57055     0
0.57065     0
0.57075     0
0.57085     0
0.57095     0
0.57105     0
0.57115     0
0.57125     0
0.57135     0
0.57145     0
0.57155     0
0.57165     0
0.57175     0
0.57185     0
0.57195     0
0.57205     0
0.57215     0
0.57225     0
0.57235     0
0.57245     0
0.57255     0
0.57265     0
0.57275     0
0.57285     0
0.57295     0
0.57305     0
0.57315     0
0.57325     0
0.57335     0
0.57345     0
0.57355     0
0.57365     0
0.57375     0
0.57385     0
0.57395     0
0.57405     0
0.57415     0
0.57425     0
0.57435     0
0.57445     0
0.57455     0
0.57465     0
0.57475     0
0.57485     0
0.57495     0
0.57505     0
0.57515     0
0.57525     0
0.57535     0
0.57545     0
0.57555     0
0.57565     0
0.57575     0
0.57585     0
0.57595     0
0.57605     0
0.57615     0
0.57625     0
0.57635     0
0.57645     0
0.57655     0
0.57665     0
0.57675     0
0.57685     0
0.57695     0
0.57705     0
0.57715     0
0.57725     0
0.57735     0
0.57745     0
0.57755     0
0.57765     0
0.57775     0
0.57785     0
0.57795     0
0.57805     0
0.57815     0
0.57825     0
0.57835     0
0.57845     0
0.57855     0
0.57865     0
0.57875     0
0.57885     0
0.57895     0
0.57905     0
0.57915     0
0.57925     0
0.57935     0
0.57945     0
0.57955     0
0.57965     0
0.57975     0
0.57985     0
0.57995     0
0.58005     0
0.58015     0
0.58025     0
0.58035     0
0.58045     0
0.58055     0
0.58065     0
0.58075     0
0.58085     0
0.58095     0
0.58105     0
0.58115     0
0.58125     0
0.58135     0
0.58145     0
0.58155     0
0.58165     0
0.58175     0
0.58185     0
0.58195     0
0.58205     0
0.58215     0
0.58225     0
0.58235     0
0.58245     0
0.58255     0
0.58265     0
0.58275     0
0.58285     0
0.58295     0
0.58305     0
0.58315     0
0.58325     0
0.58335     0
0.58345     0
0.58355     0
0.58365     0
0.58375     0
0.58385     0
0.58395     0
0.58405     0
0.58415     0
0.58425     0
0.58435     0
0.58445     0
0.58455     0
0.58465     0
0.58475     0
0.58485     0
0.58495     0
0.58505     0
0.58515     0
0.58525     0
0.58535     0
0.58545     0
0.58555     0
0.58565     0
0.58575     0
0.58585     0
0.58595     0
0.58605     0
0.58615     0
0.58625     0
0.58635     0
0.58645     0
0.58655     0
0.58665     0
0.58675     0
0.58685     0
0.58695     0
0.58705     0
0.58715     0
0.58725     0
0.58735     0
0.58745     0
0.58755     0
0.58765     0
0.58775     0
0.58785     0
0.58795     0
0.58805     0
0.58815     0
0.58825     0
0.58835     0
0.58845     0
0.58855     0
0.58865     0
0.58875     0
0.58885     0
0.58895     0
0.58905     0
0.58915     0
0.58925     0
0.58935     0
0.58945     0
0.58955     0
0.58965     0
0.58975     0
0.58985     0
0.58995     0
0.59005     0
0.59015     0
0.59025     0
0.59035     0
0.59045     0
0.59055     0
0.59065     0
0.59075     0
0.59085     0
0.59095     0
0.59105     0
0.59115     0
0.59125     0
0.59135     0
0.59145     0
0.59155     0
0.59165     0
0.59175     0
0.59185     0
0.59195     0
0.59205     0
0.59215     0
0.59225     0
0.59235     0
0.59245     0
0.59255     0
0.59265     0
0.59275     0
0.59285     0
0.59295     0
0.59305     0
0.59315     0
0.59325     0
0.59335     0
0.59345     0
0.59355     0
0.59365     0
0.59375     0
0.59385     0
0.59395     0
0.59405     0
0.59415     0
0.59425     0
0.59435     0
0.59445     0
0.59455     0
0.59465     0
0.59475     0
0.59485     0
0.59495     0
0.59505     0
0.59515     0
0.59525     0
0.59535     0
0.59545     0
0.59555     0
0.59565     0
0.59575     0
0.59585     0
0.59595     0
0.59605     0
0.59615     0
0.59625     0
0.59635     0
0.59645     0
0.59655     0
0.59665     0
0.59675     0
0.59685     0
0.59695     0
0.59705     0
0.59715     0
0.59725     0
0.59735     0
0.59745     0
0.59755     0
0.59765     0
0.59775     0
0.59785     0
0.59795     0
0.59805     0
0.59815     0
0.59825     0
0.59835     0
0.59845     0
0.59855     0
0.59865     0
0.59875     0
0.59885     0
0.59895     0
0.59905     0
0.59915     0
0.59925     0
0.59935     0
0.59945     0
0.59955     0
0.59965     0
0.59975     0
0.59985     0
